3 1 519.25 633.97 590.01 813.00 -1.325 -0.183 1
3 2 1725.90 627.09 1918.41 1023.00 -1.056 -0.895 1
3 3 1496.72 652.74 1536.18 763.00 0.976 -0.024 1
3 4 1443.03 653.19 1478.37 764.21 0.845 -0.594 1
4 1 516.17 636.19 585.41 811.48 -2.194 0.001 1
4 2 1720.95 629.63 1912.75 1023.76 -2.523 -0.017 1
4 3 1498.20 652.16 1537.53 762.24 1.127 -0.247 1
4 4 1444.24 652.88 1479.54 763.93 0.965 -0.490 1
5 1 511.90 636.93 580.68 811.73 -2.841 0.140 1
5 2 1708.77 624.66 1900.96 1020.32 -5.143 -1.176 1
5 3 1499.32 651.98 1538.67 761.99 1.128 -0.238 1
5 4 1445.23 651.35 1480.69 763.13 0.995 -0.677 1
6 1 507.90 635.71 576.91 811.84 -3.084 -0.022 1
6 2 1698.48 629.45 1885.65 1017.02 -6.885 -0.740 1
6 3 1500.61 650.50 1540.17 761.21 1.190 -0.442 1
6 4 1445.67 650.86 1481.59 764.31 0.921 -0.444 1
7 1 505.09 635.26 573.80 811.89 -3.059 -0.057 1
7 2 1685.28 631.21 1869.99 1018.02 -8.377 -0.320 1
7 3 1501.06 649.30 1541.29 762.35 1.110 -0.363 1
7 4 1446.87 650.04 1482.85 764.05 0.980 -0.463 1
8 1 501.93 634.41 569.62 809.16 -3.165 -0.357 1
8 2 1670.53 634.60 1851.01 1017.74 -9.866 0.009 1
8 3 1502.54 648.21 1543.00 762.76 1.192 -0.358 1
8 4 1447.49 648.40 1483.73 763.97 0.941 -0.530 1
9 1 498.70 631.35 567.74 810.92 -3.069 -0.403 1
9 2 1656.03 636.50 1831.49 1015.62 -11.012 -0.011 1
9 3 1503.76 648.51 1544.22 763.60 1.196 -0.219 1
9 4 1447.80 647.83 1484.56 765.29 0.885 -0.393 1
10 1 494.53 630.26 562.89 810.23 -3.274 -0.473 1
10 2 1643.09 632.37 1817.98 1016.25 -11.344 -0.271 1
10 3 1505.19 648.65 1545.61 763.91 1.225 -0.158 1
10 4 1447.73 647.66 1484.97 766.46 0.788 -0.271 1
10 5 1816.52 655.67 1863.97 746.13 1.309 0.254 1
10 6 1365.29 664.73 1380.70 716.00 -0.092 -0.028 1
11 1 491.79 630.54 558.50 807.97 -3.313 -0.541 1
11 2 1631.53 628.83 1806.59 1017.85 -11.362 -0.368 1
11 3 1506.48 648.73 1546.60 763.35 1.214 -0.168 1
11 4 1448.71 650.29 1485.39 766.23 0.776 -0.083 1
11 5 1817.49 654.23 1867.02 748.59 1.545 0.340 1
11 6 1364.89 665.69 1380.30 716.76 -0.196 0.275 1
12 1 488.24 631.35 553.63 807.13 -3.428 -0.473 1
12 2 1623.86 636.17 1795.95 1019.15 -11.075 0.242 1
12 3 1507.92 650.78 1547.25 763.14 1.193 -0.031 1
12 4 1449.63 649.99 1486.93 767.47 0.833 -0.013 1
12 5 1818.61 654.49 1867.84 747.94 1.397 0.201 1
12 6 1364.74 665.99 1380.21 717.01 -0.175 0.275 1
13 1 485.70 631.00 550.64 807.52 -3.344 -0.411 1
13 2 1617.01 638.97 1786.91 1014.95 -10.678 0.123 1
13 3 1509.16 650.23 1548.70 763.05 1.212 -0.067 1
13 4 1450.74 649.89 1487.99 767.26 0.864 -0.030 1
13 5 1821.01 654.65 1870.18 748.30 1.606 0.214 1
13 6 1364.44 666.80 1379.73 717.07 -0.224 0.312 1
14 1 483.23 630.88 547.32 806.35 -3.290 -0.439 1
14 2 1608.55 640.64 1779.69 1012.74 -10.323 0.073 1
14 3 1510.72 651.36 1550.03 763.02 1.241 0.008 1
14 4 1451.81 650.52 1489.01 767.17 0.885 0.006 1
14 5 1822.50 653.35 1872.32 749.07 1.644 0.126 1
14 6 1364.46 664.95 1380.17 716.38 -0.135 -0.001 1
15 1 482.71 631.52 545.95 804.60 -3.007 -0.454 1
15 2 1600.28 641.90 1774.97 1012.62 -9.847 0.135 1
15 3 1512.75 653.13 1552.33 764.34 1.352 0.194 1
15 4 1453.46 652.77 1490.73 767.79 0.979 0.173 1
15 5 1825.39 652.91 1874.68 748.64 1.802 0.034 1
15 6 1363.79 662.24 1380.32 716.13 -0.156 -0.254 1
16 1 480.21 633.11 543.34 803.97 -2.953 -0.342 1
16 2 1592.09 644.32 1770.44 1012.61 -9.420 0.266 1
16 3 1513.97 652.45 1554.62 766.17 1.401 0.239 1
16 4 1453.33 654.29 1491.38 769.34 0.895 0.334 1
16 5 1829.25 651.42 1878.69 749.10 2.116 -0.046 1
16 6 1363.71 662.58 1380.23 716.04 -0.146 -0.198 1
17 1 476.93 634.38 540.28 803.76 -2.979 -0.237 1
17 2 1585.95 641.17 1773.99 1022.66 -8.438 0.651 1
17 3 1514.72 651.54 1555.76 765.52 1.348 0.122 1
17 4 1453.51 656.18 1491.99 769.91 0.837 0.438 1
17 5 1832.46 651.56 1880.93 748.59 2.199 -0.065 1
17 6 1363.44 663.41 1379.77 716.00 -0.175 -0.116 1
18 1 474.26 636.85 536.83 801.71 -2.989 -0.183 1
18 2 1580.25 643.27 1770.65 1022.43 -7.989 0.684 1
18 3 1515.63 651.84 1556.77 765.26 1.304 0.111 1
18 4 1451.79 656.88 1491.27 770.78 0.596 0.478 1
18 5 1834.52 651.64 1883.41 750.36 2.208 0.063 1
18 6 1362.86 664.41 1378.75 714.65 -0.258 -0.124 1
19 1 471.24 637.09 534.47 800.29 -2.952 -0.232 1
19 2 1576.12 645.37 1768.13 1019.67 -7.462 0.569 1
19 3 1516.49 652.62 1557.85 766.48 1.267 0.210 1
19 4 1452.58 657.78 1492.17 769.76 0.625 0.417 1
19 5 1837.33 651.70 1886.11 751.01 2.275 0.098 1
19 6 1360.91 662.75 1377.40 714.82 -0.443 -0.207 1
20 1 465.50 637.17 529.07 798.47 -3.271 -0.311 1
20 2 1571.40 644.13 1769.03 1024.59 -6.832 0.713 1
20 3 1517.51 651.59 1558.79 765.61 1.234 0.081 1
20 4 1452.25 656.10 1493.08 769.35 0.586 0.246 1
20 5 1840.33 652.40 1888.33 750.57 2.314 0.102 1
20 6 1360.49 664.15 1376.65 714.89 -0.461 -0.089 1
21 1 459.48 637.85 523.17 797.83 -3.598 -0.270 1
21 2 1563.53 645.62 1761.41 1021.14 -6.933 0.524 1
21 3 1517.85 650.54 1559.75 766.59 1.170 0.068 1
21 4 1451.89 656.13 1493.62 769.85 0.529 0.248 1
21 5 1842.73 654.02 1889.70 749.70 2.264 0.134 1
21 6 1359.19 662.02 1376.21 715.59 -0.512 -0.167 1
22 1 455.88 637.42 518.59 795.62 -3.657 -0.397 1
22 2 1552.38 642.16 1750.01 1017.14 -7.420 0.048 1
22 3 1518.08 650.14 1559.93 766.29 1.065 0.023 1
22 4 1453.98 655.47 1496.17 769.37 0.732 0.156 1
22 5 1845.99 655.98 1892.33 749.35 2.345 0.214 1
22 6 1357.61 661.90 1374.56 714.55 -0.639 -0.215 1
23 1 451.27 635.90 511.76 788.14 -3.906 -0.892 1
23 2 1541.44 640.19 1739.11 1018.29 -7.812 -0.004 1
23 3 1518.51 649.34 1560.22 766.17 0.989 -0.030 1
23 4 1455.86 654.55 1498.66 769.85 0.894 0.113 1
23 5 1847.64 657.38 1894.02 749.88 2.264 0.305 1
23 6 1356.31 659.88 1373.99 714.80 -0.673 -0.291 1
24 1 448.00 636.00 507.07 784.05 -3.915 -1.028 1
24 2 1529.05 637.45 1724.71 1018.06 -8.433 -0.168 1
24 3 1519.13 649.04 1560.46 765.46 0.929 -0.081 1
24 4 1458.01 654.19 1500.72 770.02 1.027 0.091 1
24 5 1848.71 657.89 1895.35 750.06 2.134 0.310 1
24 6 1355.56 659.79 1373.42 715.55 -0.671 -0.224 1
25 1 443.48 633.99 503.60 784.68 -3.926 -0.985 1
25 2 1515.22 633.12 1707.24 1016.67 -9.225 -0.464 1
25 3 1518.77 646.95 1561.06 767.82 0.841 -0.057 1
25 4 1459.70 652.74 1502.54 770.07 1.107 0.005 1
25 5 1848.89 658.07 1896.55 751.45 1.961 0.367 1
25 6 1355.04 661.08 1372.83 715.84 -0.659 -0.117 1
26 1 439.93 631.94 500.48 784.30 -3.853 -1.014 1
26 2 1501.79 629.52 1688.39 1016.80 -9.976 -0.602 1
26 3 1519.29 650.08 1559.94 768.05 0.722 0.124 1
26 4 1460.60 651.54 1503.56 770.09 1.090 -0.059 1
26 5 1849.58 657.47 1898.22 751.96 1.869 0.318 1
26 6 1353.78 662.26 1371.75 716.62 -0.714 0.000 1
27 1 439.40 633.84 498.15 782.23 -3.567 -0.904 1
27 2 1493.72 630.15 1673.07 1016.20 -10.160 -0.535 1
27 3 1521.81 648.02 1560.40 760.84 0.804 -0.384 1
27 4 1462.43 653.06 1504.34 768.78 1.113 -0.042 1
27 5 1850.12 655.91 1899.75 752.13 1.774 0.203 1
27 6 1352.96 662.71 1371.07 716.25 -0.718 0.005 1
28 1 438.52 635.25 496.32 780.85 -3.303 -0.794 1
28 2 1487.62 628.45 1662.50 1017.30 -9.964 -0.510 1
28 3 1522.65 647.74 1561.17 760.35 0.804 -0.384 1
28 4 1464.04 653.65 1505.62 768.26 1.150 -0.033 1
28 5 1852.24 655.31 1902.21 752.84 1.831 0.187 1
28 6 1352.95 666.21 1369.91 715.44 -0.703 0.154 1
29 1 435.56 635.77 493.86 781.76 -3.232 -0.613 1
29 2 1482.01 629.16 1650.69 1014.44 -9.829 -0.571 1
29 4 1465.84 656.53 1506.81 769.40 1.188 0.194 1
29 5 1855.52 655.09 1904.49 751.79 1.933 0.098 1
29 6 1352.84 667.54 1369.68 715.13 -0.639 0.197 1
30 1 432.15 635.29 492.17 783.48 -3.151 -0.466 1
30 2 1474.14 633.43 1638.21 1012.69 -9.867 -0.372 1
30 4 1466.60 655.61 1508.41 771.16 1.187 0.219 1
30 5 1859.01 654.34 1907.58 752.02 2.080 0.060 1
30 6 1352.59 668.00 1369.17 715.02 -0.606 0.195 1
31 1 428.23 633.79 488.45 781.51 -3.228 -0.613 1
31 2 1462.23 632.42 1626.66 1011.38 -10.074 -0.459 1
31 4 1467.82 655.27 1509.97 772.46 1.209 0.248 1
31 5 1863.23 652.75 1911.63 752.10 2.300 -0.028 1
31 6 1352.08 668.47 1368.47 714.94 -0.606 0.195 1
32 1 425.37 633.88 485.37 780.81 -3.199 -0.578 1
32 2 1446.66 630.06 1614.30 1010.92 -10.509 -0.566 1
32 4 1469.35 655.13 1510.72 772.29 1.202 0.205 1
32 5 1867.17 652.81 1914.60 751.47 2.423 -0.055 1
32 6 1351.04 668.19 1368.03 715.77 -0.622 0.204 1
33 1 426.69 637.91 484.74 781.25 -2.795 -0.257 1
33 2 1435.57 630.50 1606.39 1011.42 -10.396 -0.450 1
33 4 1470.51 655.21 1511.97 772.62 1.202 0.205 1
33 5 1869.85 652.84 1917.02 751.87 2.436 -0.026 1
33 6 1350.30 668.18 1367.64 715.94 -0.615 0.189 1
34 1 424.14 638.27 481.70 780.38 -2.795 -0.257 1
34 2 1427.04 632.01 1601.28 1011.64 -10.000 -0.304 1
34 5 1871.55 652.21 1918.39 751.36 2.340 -0.084 1
34 6 1349.49 667.50 1367.41 715.99 -0.603 0.131 1
35 2 1421.14 637.90 1598.22 1012.40 -9.387 0.098 1
35 5 1872.45 651.98 1919.13 751.82 2.177 -0.063 1
35 6 1348.85 667.24 1367.05 715.35 -0.592 0.065 1
36 2 1417.59 639.46 1599.23 1014.04 -8.474 0.267 1
36 3 1531.92 645.98 1572.79 767.59 1.108 0.056 1
36 5 1874.59 651.90 1921.38 752.65 2.179 -0.016 1
36 6 1348.93 667.80 1366.64 714.44 -0.544 0.037 1
37 2 1413.59 640.02 1600.28 1015.98 -7.685 0.378 1
37 3 1532.19 646.58 1572.78 768.65 1.019 0.126 1
37 5 1875.92 651.88 1922.23 752.30 2.063 -0.034 1
37 6 1347.86 666.66 1366.29 715.45 -0.562 0.025 1
38 2 1411.59 641.53 1599.15 1012.74 -7.001 0.239 1
38 3 1532.54 646.80 1573.15 769.68 0.955 0.175 1
38 5 1876.80 651.88 1922.66 752.16 1.912 -0.038 1
38 6 1347.72 666.24 1365.94 714.50 -0.527 -0.053 1
39 2 1407.04 640.08 1596.52 1011.51 -6.615 0.061 1
39 3 1532.49 645.58 1573.41 769.40 0.869 0.081 1
39 5 1878.18 652.55 1922.94 751.44 1.795 -0.037 1
39 6 1347.11 664.76 1365.76 714.13 -0.513 -0.150 1
39 10 4.67 654.23 35.34 923.70 1.445 -0.363 1
40 2 1398.67 640.18 1587.46 1010.40 -6.852 -0.003 1
40 3 1533.98 645.77 1574.55 769.93 0.915 0.110 1
40 5 1878.99 652.15 1923.26 751.16 1.660 -0.070 1
40 6 1347.10 665.51 1365.50 714.00 -0.472 -0.100 1
40 10 4.85 643.62 38.87 940.13 1.583 0.738 1
41 2 1389.35 638.87 1577.49 1009.99 -7.167 -0.099 1
41 3 1535.92 647.82 1575.52 769.46 0.970 0.180 1
41 5 1880.27 653.32 1923.60 751.72 1.566 0.034 1
41 6 1346.76 666.48 1364.46 712.63 -0.496 -0.112 1
41 10 4.31 646.34 43.35 984.55 1.680 6.429 1
41 11 1487.66 654.22 1526.05 766.25 -2.915 0.964 1
42 2 1377.34 639.03 1561.60 1007.87 -7.928 -0.198 1
42 3 1536.56 648.62 1575.90 769.93 0.922 0.228 1
42 5 1881.74 654.44 1923.94 751.93 1.492 0.103 1
42 6 1346.18 664.82 1364.57 712.12 -0.466 -0.224 1
42 10 5.88 648.82 47.09 1000.32 1.857 6.918 1
42 11 1485.26 654.71 1524.19 768.87 -2.649 1.165 1
43 2 1364.09 637.76 1545.67 1009.08 -8.676 -0.180 1
43 3 1537.84 649.57 1576.93 770.09 0.946 0.264 1
43 5 1885.83 657.51 1925.05 750.67 1.617 0.194 1
43 6 1345.74 664.67 1364.07 711.82 -0.466 -0.224 1
43 10 11.57 649.42 55.16 1007.67 2.606 6.479 1
43 11 1484.51 654.91 1523.87 771.07 -2.089 1.174 1
44 2 1349.32 635.95 1526.96 1009.55 -9.574 -0.234 1
44 3 1539.68 651.25 1578.53 770.14 1.032 0.331 1
44 5 1889.57 661.36 1925.15 748.85 1.652 0.291 1
44 10 17.91 649.77 64.55 1009.77 3.302 5.784 1
44 11 1485.63 654.28 1525.45 772.42 -1.350 0.998 1
45 2 1331.79 632.63 1505.46 1006.44 -10.669 -0.562 1
45 3 1541.59 651.87 1580.49 770.14 1.134 0.329 1
45 5 1892.99 666.18 1925.70 749.55 1.695 0.601 1
45 10 24.78 649.35 76.03 1011.86 4.030 5.171 1
45 11 1486.58 654.73 1526.35 772.80 -0.937 0.893 1
46 2 1314.84 628.74 1488.58 1008.58 -11.355 -0.597 1
46 3 1542.59 651.43 1581.53 769.47 1.121 0.228 1
46 5 1896.12 669.22 1926.59 750.50 1.737 0.787 1
46 10 28.91 647.94 85.27 1011.48 4.345 4.452 1
46 11 1483.81 654.23 1524.49 772.83 -1.160 0.711 1
47 2 1300.07 627.30 1473.61 1011.37 -11.734 -0.460 1
47 3 1542.52 650.58 1582.28 771.86 1.032 0.290 1
47 5 1899.11 669.57 1929.68 756.98 1.912 1.141 1
47 10 31.15 647.46 93.11 1012.15 4.425 3.948 1
47 11 1481.35 652.70 1523.97 773.44 -1.208 0.538 1
48 2 1288.51 630.71 1459.59 1012.45 -11.846 -0.172 1
48 3 1543.36 650.92 1582.94 771.44 1.001 0.253 1
48 5 1901.11 670.99 1931.50 757.85 1.912 1.141 1
48 10 30.94 648.64 97.53 1008.73 4.161 3.373 1
48 11 1480.31 653.46 1523.98 773.61 -1.113 0.529 1
49 2 1277.29 632.06 1446.85 1009.56 -11.861 -0.236 1
49 3 1544.00 650.38 1584.10 771.92 0.990 0.222 1
49 10 29.44 648.51 100.90 1006.98 3.794 2.881 1
49 11 1480.74 653.77 1525.28 773.61 -0.858 0.480 1
50 2 1267.06 635.24 1436.39 1007.80 -11.695 -0.133 1
50 3 1545.19 650.17 1585.50 771.43 1.023 0.160 1
50 10 29.32 647.84 106.68 1008.64 3.684 2.609 1
50 11 1480.19 654.55 1525.91 774.89 -0.747 0.549 1
51 2 1255.50 629.80 1429.84 1007.81 -11.402 -0.420 1
51 3 1546.65 648.76 1586.91 769.25 1.069 -0.052 1
51 10 26.52 646.96 108.75 1008.38 3.227 2.251 1
51 11 1482.36 654.19 1529.13 775.33 -0.331 0.487 1
52 2 1251.03 630.41 1427.61 1007.17 -10.515 -0.376 1
52 3 1548.35 648.23 1588.88 769.08 1.152 -0.085 1
52 10 24.06 649.29 109.97 1007.38 2.797 2.073 1
52 11 1482.72 653.39 1530.86 775.46 -0.169 0.391 1
53 2 1246.70 632.65 1427.03 1008.92 -9.626 -0.114 1
53 3 1549.37 647.37 1589.80 767.69 1.133 -0.199 1
53 10 22.00 647.58 111.93 1006.10 2.478 1.673 1
53 11 1484.11 654.41 1532.92 776.12 0.048 0.442 1
54 2 1246.32 634.83 1427.68 1007.61 -8.549 -0.054 1
54 3 1550.26 646.39 1591.55 768.50 1.153 -0.187 1
54 10 19.74 643.01 114.61 1007.42 2.224 1.303 1
54 11 1485.74 653.48 1535.27 775.68 0.268 0.314 1
55 2 1246.95 636.98 1427.93 1006.46 -7.548 0.008 1
55 3 1550.96 645.38 1593.74 771.43 1.184 -0.062 1
55 10 18.34 643.92 117.32 1010.40 2.051 1.374 1
55 11 1486.40 653.13 1536.76 775.48 0.359 0.248 1
56 2 1244.25 638.45 1426.97 1009.36 -6.904 0.253 1
56 3 1551.98 645.65 1595.70 773.19 1.216 0.051 1
56 10 19.67 643.00 122.87 1012.71 2.202 1.300 1
56 11 1487.85 650.36 1539.41 775.38 0.547 0.061 1
57 2 1235.92 633.69 1419.24 1008.46 -7.031 -0.093 1
57 3 1553.70 645.12 1598.29 774.52 1.314 0.087 1
57 10 25.48 640.72 131.98 1010.84 2.766 0.937 1
57 11 1489.61 648.02 1541.78 775.32 0.712 -0.076 1
57 12 1893.07 656.02 1922.13 756.59 -1.008 5.803 1
58 2 1224.66 632.54 1406.48 1008.13 -7.581 -0.164 1
58 3 1555.30 645.58 1599.57 773.70 1.326 0.060 1
58 10 32.38 639.23 141.77 1011.95 3.365 0.816 1
58 11 1492.28 646.48 1544.57 775.93 0.925 -0.117 1
58 12 1889.86 656.83 1921.40 766.06 -1.235 5.645 1
59 2 1213.58 634.09 1391.85 1009.32 -8.160 0.004 1
59 3 1557.72 645.77 1601.43 771.39 1.411 -0.056 1
59 10 39.62 638.70 151.82 1013.58 3.930 0.788 1
59 11 1496.00 646.57 1546.81 774.19 1.139 -0.191 1
59 12 1887.99 655.45 1920.29 767.10 -1.279 4.627 1
60 2 1201.72 634.03 1374.77 1009.12 -8.853 -0.011 1
60 3 1558.79 645.85 1602.54 771.16 1.376 -0.058 1
60 10 48.74 642.47 162.15 1013.45 4.548 0.898 1
60 11 1498.38 645.97 1548.62 774.81 1.240 -0.169 1
60 12 1885.42 658.16 1917.24 766.64 -1.505 4.110 1
61 2 1186.69 631.36 1355.06 1009.04 -9.788 -0.160 1
61 3 1559.29 645.23 1603.42 771.74 1.301 -0.054 1
61 6 1334.70 665.97 1353.35 712.95 -0.594 0.044 1
61 10 54.92 641.98 171.01 1015.26 4.869 0.872 1
61 11 1500.41 647.08 1549.41 775.04 1.258 -0.081 1
61 12 1883.58 660.62 1914.99 765.79 -1.580 3.655 1
62 2 1172.36 631.01 1336.52 1009.67 -10.513 -0.127 1
62 3 1559.72 645.00 1604.07 771.95 1.219 -0.049 1
62 6 1334.55 666.01 1353.08 712.99 -0.557 0.044 1
62 10 60.25 642.47 177.61 1016.53 4.987 0.873 1
62 11 1502.63 648.19 1550.14 774.45 1.281 -0.044 1
62 12 1881.56 660.93 1913.57 765.69 -1.598 3.177 1
63 2 1161.39 631.56 1319.31 1002.00 -10.902 -0.501 1
63 3 1559.52 644.92 1604.58 774.00 1.103 0.063 1
63 6 1334.52 664.69 1353.65 712.35 -0.465 -0.071 1
63 10 63.89 642.68 182.08 1016.26 4.887 0.775 1
63 11 1504.14 649.95 1550.31 774.22 1.233 0.045 1
63 12 1880.60 661.04 1913.35 765.38 -1.467 2.749 1
64 2 1151.25 635.11 1307.71 1004.40 -10.898 -0.114 1
64 3 1560.17 644.25 1605.28 774.12 1.058 0.026 1
64 6 1333.44 662.88 1353.64 712.10 -0.474 -0.181 1
64 10 68.72 639.48 189.17 1016.08 5.003 0.507 1
64 11 1505.99 651.29 1550.98 772.80 1.236 0.035 1
64 12 1879.15 660.42 1912.51 763.68 -1.426 2.251 1
65 2 1143.20 639.08 1299.16 1005.32 -10.606 0.173 1
65 3 1561.38 644.65 1606.47 774.80 1.073 0.081 1
65 6 1333.36 662.20 1354.00 712.01 -0.406 -0.204 1
65 10 74.82 638.94 197.09 1015.29 5.220 0.380 1
65 11 1506.72 650.46 1552.43 774.26 1.219 0.067 1
65 12 1877.48 660.17 1911.45 762.11 -1.418 1.857 1
66 2 1133.09 642.56 1289.95 1005.02 -10.499 0.334 1
66 3 1562.78 645.47 1607.22 774.39 1.073 0.095 1
66 6 1333.30 662.61 1354.20 712.64 -0.354 -0.126 1
66 10 79.93 638.76 204.16 1014.26 5.314 0.274 1
66 11 1508.48 650.81 1554.70 776.11 1.309 0.185 1
66 12 1874.57 660.07 1909.48 761.97 -1.544 1.612 1
67 2 1126.23 646.50 1281.77 997.59 -10.158 0.096 1
67 3 1564.17 645.13 1608.54 774.23 1.103 0.057 1
67 6 1332.70 663.43 1353.57 712.22 -0.382 -0.090 1
67 10 84.00 643.33 208.27 1011.84 5.181 0.361 1
67 11 1509.98 650.95 1555.95 775.50 1.316 0.137 1
67 12 1872.80 660.69 1907.53 759.80 -1.583 1.322 1
68 2 1118.60 649.27 1276.70 996.83 -9.710 0.204 1
68 3 1566.50 645.67 1609.79 773.49 1.178 0.040 1
68 6 1332.50 663.76 1353.33 712.06 -0.364 -0.071 1
68 10 88.32 641.77 215.88 1014.19 5.269 0.365 1
68 11 1511.32 650.33 1557.53 775.91 1.332 0.111 1
68 12 1870.86 660.92 1906.19 760.12 -1.590 1.195 1
69 2 1112.71 652.25 1275.96 1001.28 -8.948 0.622 1
69 3 1568.36 645.87 1610.52 771.22 1.191 -0.078 1
69 6 1331.47 663.89 1352.24 711.34 -0.442 -0.096 1
69 10 92.26 645.80 220.67 1015.04 5.169 0.595 1
69 11 1512.30 650.10 1558.22 775.40 1.278 0.058 1
69 12 1868.05 661.67 1904.59 762.80 -1.664 1.257 1
70 2 1107.46 655.96 1275.44 1005.62 -8.235 1.022 1
70 3 1571.47 645.95 1612.29 767.03 1.331 -0.301 1
70 6 1331.14 664.61 1351.80 711.07 -0.436 -0.059 1
70 10 95.57 644.70 226.19 1017.31 5.085 0.594 1
70 11 1513.82 651.34 1559.20 775.19 1.275 0.108 1
70 12 1865.71 662.60 1902.75 763.08 -1.714 1.181 1
71 2 1100.06 653.96 1272.73 1005.92 -7.866 0.805 1
71 3 1571.96 643.30 1614.85 770.85 1.354 -0.198 1
71 6 1330.72 663.54 1351.98 710.98 -0.399 -0.121 1
71 10 99.47 641.64 231.19 1016.16 5.014 0.295 1
71 11 1515.01 651.81 1560.18 775.11 1.254 0.118 1
71 12 1864.27 664.93 1901.40 762.42 -1.677 1.142 1
72 2 1092.64 651.16 1267.69 1004.05 -7.680 0.447 1
72 3 1573.63 641.69 1618.15 773.53 1.481 -0.116 1
72 6 1330.78 663.15 1352.50 711.60 -0.319 -0.093 1
72 10 104.79 640.48 236.77 1016.34 5.062 0.209 1
72 11 1515.87 651.32 1561.37 775.73 1.228 0.112 1
72 12 1861.32 664.48 1900.12 762.07 -1.729 0.960 1
73 2 1082.87 646.08 1259.47 1002.67 -7.827 0.034 1
73 3 1575.11 641.08 1620.45 774.56 1.524 -0.081 1
73 6 1329.66 662.35 1351.91 711.85 -0.379 -0.114 1
73 10 110.71 638.73 242.49 1016.37 5.145 0.093 1
73 11 1516.72 649.81 1562.52 775.31 1.203 -0.008 1
73 12 1856.22 662.98 1897.15 761.88 -1.999 0.748 1
74 2 1074.79 646.12 1247.49 999.52 -8.071 -0.142 1
74 3 1576.12 640.21 1622.75 775.61 1.537 -0.063 1
74 6 1328.88 660.74 1352.06 711.94 -0.372 -0.183 1
74 10 117.05 638.08 248.10 1015.70 5.234 0.012 1
74 11 1517.57 648.58 1563.65 775.80 1.179 -0.047 1
74 12 1852.80 662.39 1895.67 761.75 -2.051 0.622 1
75 2 1069.21 644.13 1238.17 998.33 -8.003 -0.302 1
75 3 1580.19 641.20 1628.32 777.96 1.873 0.114 1
75 6 1328.42 660.38 1351.76 711.94 -0.372 -0.183 1
75 10 123.38 636.54 254.46 1017.40 5.355 0.019 1
75 11 1519.47 649.43 1565.05 775.98 1.230 0.013 1
75 12 1851.02 662.16 1895.74 761.65 -1.916 0.533 1
76 2 1059.25 637.43 1223.28 993.28 -8.492 -0.919 1
76 3 1582.46 642.90 1631.59 778.84 1.964 0.234 1
76 10 130.40 633.34 260.41 1014.08 5.477 -0.335 1
76 11 1521.02 648.45 1567.29 778.02 1.302 0.069 1
76 12 1848.57 662.07 1894.40 760.91 -1.913 0.428 1
77 2 1047.53 632.27 1206.44 990.08 -9.129 -1.278 1
77 3 1585.01 646.20 1634.29 779.16 2.033 0.397 1
77 10 139.81 630.83 270.02 1014.76 5.912 -0.397 1
77 11 1522.97 646.77 1569.30 778.13 1.374 -0.021 1
77 12 1847.15 664.02 1893.22 761.25 -1.845 0.507 1
78 2 1036.46 632.33 1192.18 994.19 -9.514 -0.910 1
78 3 1585.31 646.80 1635.17 779.25 1.877 0.391 1
78 10 147.46 630.58 277.05 1016.33 6.065 -0.284 1
78 11 1524.94 644.18 1571.38 778.16 1.441 -0.153 1
78 12 1842.74 664.75 1888.84 761.34 -2.134 0.497 1
79 2 1029.56 630.43 1182.93 997.10 -9.359 -0.758 1
79 3 1586.08 646.36 1636.68 779.27 1.797 0.325 1
79 10 155.18 635.78 280.38 1009.68 6.008 -0.331 1
79 11 1525.87 643.85 1571.90 777.51 1.368 -0.187 1
79 12 1837.07 663.69 1884.07 762.01 -2.487 0.417 1
80 2 1019.75 633.02 1170.24 998.88 -9.560 -0.445 1
80 3 1587.37 645.52 1638.75 779.25 1.784 0.243 1
80 10 162.61 634.48 289.25 1013.78 6.245 -0.139 1
80 11 1525.40 644.41 1571.49 777.90 1.182 -0.119 1
80 12 1834.30 662.63 1881.75 762.24 -2.493 0.324 1
81 2 1006.78 637.36 1155.61 996.94 -10.012 -0.270 1
81 3 1588.70 645.20 1640.54 779.23 1.760 0.198 1
81 10 171.11 635.34 298.94 1014.64 6.559 -0.029 1
81 11 1523.74 645.30 1570.09 777.38 0.898 -0.087 1
81 12 1830.38 658.94 1879.33 762.30 -2.568 0.090 1
82 2 993.42 643.02 1143.39 996.88 -10.315 0.064 1
82 3 1590.87 645.73 1642.04 778.55 1.768 0.168 1
82 10 178.96 635.68 309.38 1015.61 6.844 0.047 1
82 11 1523.71 645.66 1571.50 778.50 0.876 0.001 1
82 12 1825.32 657.54 1874.34 761.01 -2.825 -0.060 1
83 2 981.84 645.14 1134.89 996.20 -10.285 0.138 1
83 3 1592.55 645.94 1642.94 777.61 1.715 0.109 1
83 10 185.11 637.14 318.22 1015.98 6.916 0.141 1
83 11 1522.53 647.11 1571.17 778.25 0.701 0.066 1
83 12 1820.98 656.36 1869.75 759.17 -2.996 -0.211 1
84 2 971.85 647.24 1128.19 994.63 -10.064 0.153 1
84 3 1593.45 642.03 1644.86 778.58 1.681 -0.067 1
84 10 187.89 638.36 322.55 1013.46 6.546 0.054 1
84 11 1521.88 649.01 1571.17 778.15 0.589 0.157 1
84 12 1819.09 655.93 1867.14 757.79 -2.917 -0.284 1
85 2 966.32 648.01 1126.30 993.39 -9.336 0.108 1
85 3 1594.12 637.98 1646.47 779.58 1.623 -0.223 1
85 10 189.51 640.81 327.04 1016.47 6.156 0.353 1
85 11 1519.59 649.05 1571.16 779.43 0.394 0.214 1
85 12 1817.65 657.11 1864.47 756.61 -2.825 -0.254 1
86 2 961.70 647.60 1126.25 994.27 -8.530 0.123 1
86 3 1595.60 637.08 1647.69 780.61 1.595 -0.194 1
86 10 192.38 639.74 333.26 1015.61 5.977 0.206 1
86 11 1518.53 649.07 1572.00 779.90 0.338 0.217 1
86 12 1816.37 658.91 1863.11 758.15 -2.657 -0.040 1
87 2 960.79 654.04 1126.08 993.96 -7.619 0.459 1
87 3 1597.20 636.76 1648.97 781.65 1.579 -0.138 1
87 10 193.40 638.00 337.85 1014.62 5.624 0.031 1
87 11 1518.42 649.73 1573.30 780.07 0.367 0.238 1
87 12 1815.17 660.25 1861.53 758.73 -2.515 0.072 1
88 2 958.35 656.45 1124.89 994.53 -6.949 0.577 1
88 3 1599.59 637.32 1650.18 780.73 1.602 -0.142 1
88 10 196.27 637.99 344.58 1014.89 5.533 0.043 1
88 11 1517.50 648.65 1574.65 780.78 0.350 0.192 1
88 12 1813.58 662.09 1859.64 758.95 -2.427 0.181 1
89 2 949.55 643.97 1121.56 993.42 -6.846 -0.277 1
89 3 1602.13 638.88 1651.52 780.35 1.636 -0.067 1
89 10 197.34 639.32 346.71 1014.34 5.098 0.080 1
89 11 1518.41 648.24 1577.17 781.70 0.499 0.198 1
89 12 1811.30 660.78 1859.49 761.02 -2.288 0.204 1
90 2 940.69 639.34 1111.86 990.40 -7.117 -0.672 1
90 3 1604.86 639.49 1654.10 781.52 1.744 0.035 1
90 10 198.54 635.84 350.25 1014.78 4.796 -0.097 1
90 11 1521.21 648.08 1580.24 781.38 0.761 0.151 1
90 12 1808.91 661.60 1857.17 761.13 -2.295 0.233 1
91 2 926.31 636.25 1095.98 991.23 -7.992 -0.722 1
91 3 1606.10 640.39 1655.39 783.27 1.693 0.173 1
91 10 204.87 628.61 359.18 1013.63 5.107 -0.546 1
91 11 1526.17 646.70 1585.39 781.24 1.223 0.053 1
91 12 1804.52 661.91 1852.01 759.17 -2.569 0.116 1
92 2 910.03 631.16 1077.68 993.53 -8.993 -0.794 1
92 3 1607.53 644.03 1656.12 784.57 1.627 0.419 1
92 10 210.57 625.89 366.14 1015.16 5.239 -0.551 1
92 11 1529.37 645.53 1588.58 781.83 1.434 0.017 1
92 12 1800.26 663.36 1846.21 757.74 -2.847 0.104 1
93 2 897.11 631.23 1059.07 993.77 -9.705 -0.694 1
93 3 1608.74 646.09 1656.90 785.05 1.558 0.512 1
93 10 218.15 630.14 371.54 1017.06 5.372 -0.167 1
93 11 1531.66 644.43 1590.59 782.05 1.510 -0.032 1
93 12 1797.33 663.89 1842.92 757.88 -2.877 0.131 1
94 2 883.17 632.63 1039.95 994.53 -10.421 -0.508 1
94 3 1610.61 646.18 1658.97 784.54 1.604 0.432 1
94 10 228.47 629.83 380.26 1017.12 5.815 -0.162 1
94 11 1536.00 644.68 1593.02 780.15 1.707 -0.115 1
94 12 1795.25 663.41 1840.92 757.27 -2.779 0.051 1
95 2 874.76 636.50 1026.02 993.50 -10.501 -0.304 1
95 3 1612.67 646.87 1660.92 785.00 1.649 0.447 1
95 10 240.40 627.76 390.27 1017.13 6.369 -0.255 1
95 11 1539.26 644.13 1594.87 779.41 1.798 -0.172 1
95 12 1792.98 662.55 1838.55 757.04 -2.725 -0.018 1
96 2 865.90 638.67 1014.02 993.12 -10.493 -0.174 1
96 3 1613.67 646.44 1661.97 784.49 1.579 0.345 1
96 10 252.43 631.61 396.63 1011.87 6.673 -0.304 1
96 11 1541.78 644.59 1596.79 780.45 1.843 -0.071 1
96 12 1791.02 661.56 1837.00 757.63 -2.614 -0.039 1
97 2 857.01 642.14 1002.64 989.66 -10.454 -0.154 1
97 3 1615.39 646.27 1663.54 782.96 1.586 0.210 1
97 10 261.14 633.11 403.66 1015.83 6.805 0.032 1
97 11 1544.05 644.78 1598.04 780.19 1.834 -0.068 1
97 12 1789.39 661.85 1835.51 759.17 -2.496 0.067 1
98 2 848.57 644.13 994.34 986.37 -10.218 -0.210 1
98 3 1616.26 644.86 1665.11 782.36 1.545 0.073 1
98 10 270.06 630.38 412.70 1018.63 7.046 0.031 1
98 11 1546.56 644.86 1600.02 780.08 1.879 -0.062 1
98 12 1789.30 663.27 1834.61 759.10 -2.277 0.134 1
99 2 840.77 646.19 988.73 985.84 -9.814 -0.098 1
99 3 1618.39 643.00 1667.75 782.14 1.639 -0.052 1
99 10 279.02 629.35 421.87 1022.96 7.266 0.208 1
99 11 1547.73 645.56 1601.06 781.36 1.795 0.053 1
99 12 1789.26 664.48 1833.84 759.06 -2.071 0.184 1
100 2 835.23 649.60 986.72 987.01 -9.113 0.179 1
100 3 1620.18 641.64 1670.28 782.05 1.697 -0.126 1
100 10 286.49 627.66 428.65 1021.97 7.251 0.042 1
100 11 1548.94 645.83 1602.54 782.50 1.745 0.124 1
100 12 1787.16 663.59 1833.16 759.71 -1.995 0.150 1
101 2 827.50 652.18 983.07 988.80 -8.715 0.413 1
101 3 1621.47 641.13 1672.48 783.34 1.702 -0.070 1
101 10 294.40 629.00 436.14 1022.87 7.299 0.158 1
101 11 1550.41 647.25 1603.91 782.93 1.710 0.211 1
101 12 1785.66 665.23 1831.11 759.29 -1.970 0.201 1
102 2 819.23 651.78 979.14 989.50 -8.412 0.382 1
102 3 1623.32 640.95 1674.46 783.82 1.725 -0.047 1
102 10 302.57 629.54 444.46 1021.87 7.400 0.116 1
102 11 1551.47 647.79 1605.12 783.74 1.647 0.262 1
102 12 1783.56 665.18 1828.72 758.46 -2.002 0.129 1
103 2 810.43 650.26 974.07 989.76 -8.243 0.267 1
103 3 1624.92 641.55 1676.81 785.97 1.752 0.104 1
103 10 307.57 629.75 449.75 1020.14 7.156 0.021 1
103 11 1552.45 647.99 1606.19 784.69 1.579 0.296 1
103 12 1777.70 662.49 1823.08 758.15 -2.428 -0.057 1
104 2 802.72 647.67 967.93 987.23 -8.094 -0.053 1
104 3 1627.29 642.44 1679.76 787.44 1.847 0.218 1
104 10 314.76 630.50 459.10 1021.46 7.278 0.132 1
104 11 1554.60 648.05 1607.99 785.04 1.622 0.287 1
104 12 1773.14 659.52 1818.89 758.69 -2.643 -0.185 1
105 2 794.25 646.67 959.25 986.28 -8.148 -0.156 1
105 3 1629.98 642.13 1684.22 789.29 2.029 0.276 1
105 10 319.68 628.81 466.48 1021.94 7.154 0.051 1
105 11 1556.78 647.41 1609.82 785.15 1.664 0.227 1
105 12 1771.62 659.70 1815.94 757.59 -2.600 -0.214 1
106 2 784.12 643.63 947.66 986.60 -8.451 -0.290 1
106 3 1633.57 642.67 1689.09 789.98 2.260 0.311 1
106 10 324.15 632.79 471.40 1025.41 6.886 0.452 1
106 11 1557.50 649.14 1609.19 784.52 1.488 0.262 1
106 12 1769.16 658.47 1813.62 758.49 -2.578 -0.209 1
107 2 776.31 640.51 937.33 986.73 -8.518 -0.422 1
107 3 1636.27 646.82 1692.76 792.19 2.357 0.612 1
107 10 325.25 631.01 473.95 1026.70 6.333 0.376 1
107 11 1558.36 649.13 1609.53 784.27 1.391 0.218 1
107 12 1765.94 659.98 1808.01 756.86 -2.770 -0.193 1
108 2 768.48 641.97 923.12 984.16 -8.790 -0.437 1
108 3 1637.08 648.40 1694.19 791.68 2.224 0.604 1
108 10 330.96 630.33 477.70 1024.53 6.159 0.181 1
108 11 1559.69 648.46 1610.54 784.16 1.366 0.151 1
108 12 1764.16 660.58 1805.31 757.56 -2.713 -0.102 1
109 2 759.29 641.89 910.08 985.85 -9.045 -0.301 1
109 3 1636.75 645.66 1695.84 791.45 2.052 0.375 1
109 10 339.06 629.42 484.58 1025.66 6.303 0.173 1
109 11 1560.62 647.54 1611.70 784.77 1.331 0.117 1
109 12 1763.88 660.82 1804.76 759.15 -2.461 0.009 1
110 2 754.31 640.55 902.07 986.50 -8.766 -0.306 1
110 3 1637.65 643.32 1698.59 792.01 2.027 0.237 1
110 10 349.67 628.42 493.00 1024.75 6.653 0.050 1
110 11 1561.62 644.56 1613.37 785.66 1.331 -0.011 1
110 12 1761.38 660.73 1802.34 759.26 -2.461 0.009 1
111 2 748.50 640.05 893.08 984.78 -8.617 -0.393 1
111 3 1639.01 641.77 1701.09 792.86 2.017 0.174 1
111 10 360.39 626.73 500.88 1020.43 6.941 -0.283 1
111 11 1562.48 644.08 1613.45 785.33 1.239 -0.052 1
112 2 737.51 643.85 880.00 983.47 -8.990 -0.214 1
112 3 1641.68 640.53 1703.67 791.85 2.081 0.039 1
112 10 369.04 625.44 509.32 1025.39 7.117 -0.050 1
112 11 1563.45 644.57 1613.38 785.19 1.156 -0.028 1
113 2 720.75 649.28 863.81 982.33 -9.823 0.048 1
113 3 1644.24 638.75 1706.25 791.44 2.132 -0.080 1
113 10 379.57 623.66 518.54 1025.94 7.416 -0.111 1
113 11 1565.35 642.13 1615.68 787.11 1.256 -0.053 1
114 2 707.51 651.31 853.45 981.93 -10.047 0.135 1
114 3 1647.56 638.74 1708.67 791.27 2.208 -0.081 1
114 10 390.08 624.31 526.84 1026.13 7.630 -0.054 1
114 11 1565.88 641.23 1616.01 788.47 1.171 -0.024 1
115 2 697.37 653.37 846.92 980.46 -9.851 0.154 1
115 3 1649.26 638.10 1710.30 793.16 2.152 -0.006 1
115 10 397.15 621.95 532.94 1024.21 7.517 -0.279 1
115 11 1565.64 641.55 1615.83 790.29 1.030 0.088 1
116 2 691.63 654.77 845.90 981.27 -9.100 0.265 1
116 3 1651.48 637.87 1711.17 792.56 2.088 -0.049 1
116 10 405.40 622.40 540.30 1022.15 7.548 -0.336 1
116 11 1564.22 641.69 1615.05 790.97 0.813 0.121 1
117 2 686.92 653.27 846.16 980.93 -8.305 0.127 1
117 3 1653.47 637.80 1712.15 793.63 2.025 0.009 1
117 10 414.18 622.59 550.06 1020.70 7.736 -0.367 1
117 11 1562.78 643.07 1614.26 791.86 0.616 0.225 1
118 2 682.92 652.67 845.17 980.16 -7.640 0.034 1
118 3 1655.84 638.45 1712.08 790.74 1.933 -0.110 1
118 10 420.76 624.01 559.80 1022.14 7.783 -0.169 1
118 11 1562.36 642.96 1615.08 792.17 0.572 0.212 1
119 2 682.75 653.74 846.10 979.22 -6.730 0.038 1
119 3 1658.73 640.04 1711.87 785.63 1.869 -0.289 1
119 10 426.74 627.21 569.30 1022.70 7.778 0.056 1
119 11 1561.79 643.58 1616.41 793.58 0.552 0.296 1
120 2 677.92 653.46 842.53 980.22 -6.443 0.074 1
120 3 1660.18 640.66 1713.93 789.75 1.856 0.016 1
120 10 431.70 629.75 579.50 1022.90 7.756 0.203 1
120 11 1560.84 643.16 1616.95 794.75 0.473 0.305 1
121 2 665.40 652.01 829.87 980.61 -7.134 0.006 1
121 3 1663.07 641.54 1718.16 795.20 2.049 0.373 1
121 10 432.79 630.70 586.15 1023.65 7.321 0.275 1
121 11 1560.81 644.97 1617.44 794.52 0.447 0.355 1
122 2 650.45 647.48 814.70 980.77 -8.017 -0.238 1
122 3 1665.22 642.52 1720.55 797.26 2.073 0.499 1
122 10 429.44 632.37 587.87 1025.25 6.409 0.427 1
122 11 1561.54 647.66 1618.17 794.39 0.478 0.454 1
122 12 1730.77 663.91 1769.33 758.05 -2.604 0.064 1
123 2 632.70 645.77 795.95 984.79 -9.134 -0.086 1
123 3 1668.76 643.56 1723.18 796.05 2.181 0.436 1
123 10 430.41 632.32 593.68 1025.84 6.072 0.410 1
123 11 1565.69 648.00 1623.17 794.32 0.929 0.419 1
123 12 1729.44 664.03 1767.66 759.42 -2.495 0.131 1
124 2 615.36 643.82 777.73 988.28 -10.056 0.006 1
124 3 1669.93 645.27 1724.85 798.87 2.099 0.634 1
124 10 427.83 631.61 594.36 1024.73 5.291 0.263 1
124 11 1568.63 647.46 1627.57 794.27 1.235 0.339 1
124 12 1726.76 662.73 1765.27 759.17 -2.499 0.026 1
125 2 600.57 643.74 760.65 988.95 -10.672 0.036 1
125 3 1672.52 643.92 1727.78 798.58 2.171 0.477 1
125 10 428.07 631.33 596.92 1024.96 4.858 0.231 1
125 11 1572.69 647.24 1632.14 793.58 1.578 0.251 1
125 12 1722.03 662.91 1761.01 759.74 -2.738 0.067 1
126 2 586.70 644.39 747.34 993.13 -10.977 0.285 1
126 3 1674.38 643.40 1729.85 799.10 2.148 0.425 1
126 10 431.73 631.87 601.85 1023.72 4.796 0.167 1
126 11 1574.99 645.82 1634.99 793.30 1.689 0.128 1
126 12 1719.91 663.64 1759.27 761.27 -2.643 0.193 1
127 2 581.19 645.97 740.01 994.03 -10.502 0.384 1
127 3 1675.62 644.51 1730.58 799.27 2.024 0.448 1
127 10 438.42 631.40 610.59 1025.24 5.121 0.206 1
127 11 1576.40 643.97 1636.72 793.18 1.676 0.005 1
127 12 1717.70 663.25 1758.24 763.83 -2.524 0.296 1
128 2 581.54 641.98 737.61 989.73 -9.506 -0.092 1
128 3 1677.65 644.26 1733.10 799.97 2.051 0.424 1
128 10 449.06 631.88 619.93 1023.82 5.658 0.131 1
128 11 1578.71 643.27 1638.11 791.82 1.695 -0.108 1
128 12 1717.11 661.80 1758.43 763.48 -2.267 0.163 1
128 16 35.50 582.55 154.75 903.06 10.332 -1.347 1
129 2 582.76 647.06 734.40 988.73 -8.601 0.135 1
129 3 1678.09 641.53 1734.88 800.21 1.949 0.244 1
129 10 458.87 630.06 629.18 1025.26 6.087 0.096 1
129 11 1581.37 642.35 1640.02 791.29 1.759 -0.175 1
129 12 1714.73 661.68 1756.28 763.92 -2.267 0.163 1
129 16 48.06 578.40 181.01 925.68 13.393 2.221 1
130 2 582.03 648.35 732.55 990.98 -7.804 0.313 1
130 3 1679.91 640.49 1737.05 798.97 1.954 0.097 1
130 10 471.18 628.71 638.78 1025.15 6.622 0.005 1
130 11 1582.84 642.67 1640.81 791.75 1.691 -0.113 1
130 16 46.32 577.13 216.66 1012.53 14.300 12.542 1
131 2 585.16 642.23 735.62 991.82 -6.608 -0.011 1
131 3 1684.86 640.75 1741.35 796.50 2.238 -0.031 1
131 10 486.54 625.56 651.04 1025.09 7.408 -0.170 1
131 11 1583.79 641.48 1641.24 791.26 1.582 -0.192 1
131 16 57.78 577.88 250.98 1054.57 15.752 14.039 1
132 2 590.40 640.58 738.42 993.42 -5.463 -0.012 1
132 3 1687.43 640.86 1744.13 796.20 2.285 -0.038 1
132 10 505.76 625.70 666.78 1027.05 8.499 -0.039 1
132 11 1584.47 641.70 1641.62 792.40 1.467 -0.098 1
132 16 73.52 582.20 283.00 1075.47 16.814 13.853 1
133 2 584.66 639.93 733.22 994.05 -5.463 -0.012 1
133 3 1688.85 640.91 1746.53 798.07 2.244 0.072 1
133 10 532.28 623.13 692.45 1022.51 10.396 -0.417 1
133 11 1585.35 643.12 1641.69 792.83 1.360 0.012 1
133 16 96.43 579.03 321.07 1087.60 18.376 12.782 1
134 3 1688.90 638.96 1748.43 800.08 2.105 0.068 1
134 10 543.52 623.49 705.63 1026.07 10.593 -0.160 1
134 11 1586.19 643.66 1642.40 793.65 1.297 0.086 1
134 16 131.43 575.89 366.00 1084.94 20.658 11.125 1
135 3 1688.94 639.53 1748.98 801.49 1.913 0.165 1
135 10 535.22 624.31 698.04 1030.04 8.590 0.116 1
135 11 1587.25 643.87 1643.81 795.27 1.290 0.176 1
135 16 171.84 572.77 413.40 1076.80 23.068 9.388 1
136 3 1690.34 640.42 1750.26 801.36 1.853 0.188 1
136 10 536.70 629.89 697.68 1031.54 7.727 0.484 1
136 11 1588.63 644.61 1644.59 795.22 1.267 0.194 1
136 16 209.00 564.48 466.20 1082.90 25.368 8.288 1
137 3 1692.29 642.75 1751.16 800.63 1.807 0.253 1
137 10 547.91 631.38 709.31 1031.42 8.129 0.506 1
137 11 1589.96 647.54 1644.63 795.84 1.204 0.366 1
137 16 253.59 569.67 515.98 1080.85 27.617 7.595 1
138 3 1694.55 644.29 1753.14 800.33 1.841 0.293 1
138 10 556.14 628.62 720.99 1035.98 8.329 0.549 1
138 11 1591.50 649.30 1644.84 795.40 1.167 0.399 1
138 16 296.14 567.32 567.82 1081.67 29.670 6.719 1
139 3 1696.58 646.86 1754.54 800.20 1.828 0.397 1
139 10 573.06 626.26 735.96 1031.76 9.152 0.134 1
139 11 1592.34 649.95 1645.22 796.55 1.104 0.456 1
139 16 338.34 565.83 621.73 1085.29 31.610 6.122 1
139 18 559.45 633.88 617.01 799.40 4.003 -19.658 1
140 3 1698.99 647.14 1756.60 798.81 1.874 0.288 1
140 10 590.29 625.36 744.08 1013.60 9.534 -0.913 1
140 11 1593.03 647.52 1646.22 796.31 1.075 0.253 1
140 16 379.03 562.07 670.00 1086.80 32.964 5.360 1
140 18 568.84 629.71 615.63 764.26 4.003 -19.658 1
141 3 1700.93 646.56 1759.52 800.29 1.938 0.306 1
141 10 600.07 625.08 753.37 1012.06 9.534 -0.913 1
141 11 1594.42 647.25 1647.37 796.86 1.097 0.241 1
141 16 422.59 556.79 720.92 1084.91 34.459 4.423 1
142 3 1703.08 643.68 1763.01 800.83 2.039 0.139 1
142 11 1596.53 645.82 1650.10 798.38 1.242 0.219 1
142 16 472.95 547.66 778.84 1080.44 36.515 3.250 1
143 3 1706.00 643.24 1766.03 800.37 2.141 0.074 1
143 11 1598.71 644.62 1652.29 798.94 1.343 0.162 1
143 16 526.60 546.17 839.93 1083.49 38.690 2.993 1
144 2 463.06 644.69 603.32 979.55 -9.725 -0.320 1
144 3 1707.61 640.44 1768.50 800.18 2.130 -0.097 1
144 11 1600.42 643.51 1653.48 798.49 1.353 0.062 1
144 12 1682.63 666.89 1716.43 753.27 -2.377 -0.127 1
144 16 581.43 541.15 898.30 1079.77 40.553 2.227 1
145 2 447.62 644.95 590.77 979.66 -10.152 -0.270 1
145 3 1709.31 639.38 1770.16 800.11 2.082 -0.147 1
145 11 1601.21 643.09 1653.68 798.29 1.264 0.023 1
145 12 1686.92 667.80 1720.76 756.72 -1.647 0.125 1
145 16 636.50 539.32 954.45 1077.98 42.127 1.805 1
146 2 437.82 648.38 584.90 980.34 -9.874 0.009 1
146 3 1711.19 637.68 1772.03 800.08 2.060 -0.224 1
146 11 1602.30 641.63 1654.84 798.86 1.249 -0.026 1
146 12 1688.96 674.13 1720.58 757.55 -1.282 0.615 1
146 16 688.33 535.47 1009.61 1078.31 43.326 1.429 1
147 2 431.63 650.31 584.75 980.61 -9.036 0.145 1
147 3 1713.03 637.70 1773.43 800.71 2.014 -0.166 1
147 10 660.62 625.86 775.13 918.58 8.191 -4.333 1
147 11 1603.11 643.70 1654.80 799.07 1.158 0.096 1
147 12 1688.26 677.18 1718.73 757.18 -1.281 0.726 1
147 16 751.43 534.75 1064.76 1065.15 44.992 0.546 1
148 2 427.70 651.67 586.45 981.40 -8.046 0.262 1
148 3 1715.25 637.73 1774.91 800.30 1.997 -0.169 1
148 10 652.70 625.95 791.66 995.19 7.710 0.947 1
148 11 1601.93 641.87 1654.85 800.45 0.974 0.062 1
148 12 1684.41 677.51 1715.55 759.13 -1.630 0.791 1
148 16 817.79 539.25 1124.62 1059.11 46.960 0.403 1
149 2 420.59 651.49 584.11 979.71 -7.639 0.114 1
149 3 1716.88 641.06 1775.20 800.13 1.886 0.017 1
149 10 660.86 626.59 802.20 1014.66 7.903 2.017 1
149 11 1601.50 641.19 1655.44 800.96 0.880 0.047 1
149 12 1682.97 678.80 1713.73 759.42 -1.630 0.791 1
149 16 879.68 543.71 1184.96 1061.31 48.547 0.732 1
150 2 416.99 653.39 582.16 977.76 -7.050 0.097 1
150 3 1718.36 640.34 1776.26 799.40 1.819 -0.064 1
150 10 669.12 621.72 812.40 1028.53 8.047 2.286 1
150 11 1600.76 641.60 1655.52 801.14 0.753 0.072 1
150 16 940.78 541.48 1245.59 1058.73 49.945 0.376 1
151 2 410.92 652.06 578.78 976.38 -6.771 -0.077 1
151 3 1720.72 640.08 1778.69 801.11 1.883 0.024 1
151 10 678.60 617.86 820.55 1031.93 8.124 2.033 1
151 11 1604.55 644.40 1658.63 801.19 1.038 0.215 1
151 16 1005.02 550.60 1302.87 1055.68 51.172 0.677 1
152 2 403.58 652.21 571.14 973.89 -6.856 -0.207 1
152 3 1722.77 641.96 1780.29 803.07 1.876 0.231 1
152 10 689.04 614.42 829.99 1031.12 8.302 1.625 1
152 11 1605.24 646.80 1659.19 802.52 0.993 0.394 1
152 16 1074.10 549.46 1376.65 1062.41 53.516 0.923 1
153 2 391.04 648.24 559.96 972.99 -7.447 -0.470 1
153 3 1723.88 642.68 1781.08 803.81 1.775 0.285 1
153 10 701.82 617.01 843.16 1031.26 8.761 1.599 1
153 11 1604.80 643.73 1660.67 803.66 0.941 0.244 1
153 16 1146.44 545.76 1450.35 1056.29 55.737 0.258 1
154 2 373.34 648.07 541.51 974.67 -8.675 -0.328 1
154 3 1724.50 643.61 1781.69 805.39 1.649 0.391 1
154 10 716.70 620.68 861.18 1030.49 9.534 1.584 1
154 11 1602.44 644.54 1659.46 804.73 0.647 0.319 1
154 16 1216.21 548.33 1521.66 1057.83 57.415 0.462 1
155 2 356.05 647.35 523.26 976.00 -9.706 -0.256 1
155 3 1727.30 644.61 1783.18 804.00 1.703 0.328 1
155 10 722.59 620.79 871.11 1028.72 9.366 1.334 1
155 11 1603.01 644.85 1660.72 804.46 0.675 0.287 1
155 16 1286.42 538.74 1601.55 1064.32 59.406 0.234 1
156 2 339.28 644.44 506.15 975.87 -10.513 -0.398 1
156 3 1729.65 645.64 1784.98 804.11 1.743 0.355 1
156 10 729.17 622.16 882.97 1027.93 9.351 1.223 1
156 11 1610.76 654.20 1663.50 802.35 1.171 0.647 1
156 16 1356.75 527.99 1678.90 1066.71 60.978 -0.246 1
157 2 324.80 644.66 489.45 973.19 -11.071 -0.489 1
157 3 1733.77 648.01 1787.58 802.15 1.925 0.337 1
157 10 730.72 624.66 890.34 1028.18 8.823 1.240 1
157 11 1612.08 655.27 1664.52 802.58 1.171 0.647 1
157 16 1434.06 518.04 1762.23 1068.87 63.011 -0.630 1
158 2 309.89 644.77 473.53 970.87 -11.551 -0.557 1
158 3 1735.80 648.63 1789.40 802.20 1.925 0.337 1
158 10 727.23 624.29 894.50 1034.12 7.895 1.409 1
158 16 1509.15 521.45 1837.01 1067.03 64.231 -0.485 1
158 23 1278.44 672.75 1296.34 732.11 0.077 -0.817 1
159 2 298.30 642.83 463.80 970.68 -11.452 -0.613 1
159 10 728.53 624.80 900.78 1031.69 7.451 1.152 1
159 16 1579.27 515.69 1911.38 1066.88 65.060 -0.741 1
159 23 1277.30 675.24 1296.12 737.19 -0.199 0.865 1
160 2 291.41 642.78 457.56 969.32 -10.909 -0.624 1
160 10 727.76 623.01 903.78 1028.00 6.760 0.729 1
160 16 1630.33 523.41 1951.99 1064.16 63.067 -0.404 1
160 23 1277.19 673.82 1295.81 734.39 -0.201 0.021 1
161 2 287.83 646.75 454.45 970.82 -10.069 -0.250 1
161 10 728.21 622.99 906.90 1027.18 6.214 0.603 1
161 11 1613.48 646.15 1670.68 806.72 1.084 0.164 1
161 16 1695.71 570.82 1968.14 1038.58 60.686 0.804 1
161 23 1276.47 673.99 1294.97 733.35 -0.337 -0.085 1
162 2 284.86 649.59 451.78 971.42 -9.257 -0.030 1
162 3 1743.28 643.67 1797.69 800.20 1.942 -0.113 1
162 10 733.51 621.66 914.34 1027.48 6.231 0.480 1
162 11 1614.69 645.98 1672.08 806.42 1.106 0.125 1
162 16 1757.96 574.31 2027.26 1036.70 60.686 0.804 1
162 23 1276.14 674.04 1294.79 733.01 -0.321 -0.098 1
163 2 282.56 649.98 450.76 971.66 -8.401 0.009 1
163 3 1744.80 644.56 1798.78 799.33 1.877 -0.101 1
163 10 740.15 619.85 922.59 1029.53 6.365 0.439 1
163 11 1617.31 641.98 1675.63 805.64 1.304 -0.126 1
163 23 1275.83 674.75 1295.65 737.08 -0.213 0.351 1
164 2 278.37 654.10 447.75 974.42 -7.860 0.395 1
164 3 1745.34 642.86 1800.44 800.36 1.793 -0.126 1
164 10 751.10 619.83 932.61 1029.61 6.813 0.394 1
164 11 1619.47 642.44 1677.02 804.69 1.352 -0.139 1
164 23 1276.06 675.67 1296.30 739.19 -0.113 0.530 1
165 2 274.35 657.62 444.41 976.13 -7.388 0.646 1
165 3 1746.99 643.56 1803.45 802.72 1.851 0.054 1
165 10 761.04 617.85 942.01 1031.56 7.124 0.351 1
165 11 1621.73 640.67 1679.31 804.31 1.446 -0.235 1
165 23 1275.01 675.34 1295.03 737.30 -0.257 0.303 1
166 2 269.57 658.24 441.06 977.44 -7.012 0.682 1
166 3 1748.28 644.48 1805.77 803.62 1.846 0.146 1
166 10 775.58 615.15 953.34 1030.95 7.750 0.134 1
166 11 1621.48 639.37 1679.87 804.81 1.313 -0.252 1
166 23 1274.74 675.59 1294.79 737.65 -0.257 0.303 1
167 2 264.01 656.45 434.19 974.61 -6.923 0.345 1
167 3 1750.11 644.84 1809.12 805.27 1.926 0.238 1
167 10 790.48 612.83 964.84 1031.98 8.334 0.051 1
167 11 1620.83 637.58 1679.89 805.00 1.145 -0.308 1
167 23 1273.68 675.97 1293.74 737.21 -0.355 0.262 1
168 2 254.09 653.74 421.41 972.20 -7.421 0.019 1
168 3 1751.16 646.94 1810.55 805.89 1.853 0.358 1
168 10 808.61 612.63 977.17 1033.00 9.069 0.089 1
168 11 1623.07 637.58 1682.55 805.72 1.279 -0.240 1
168 23 1273.32 676.23 1293.38 737.47 -0.355 0.262 1
169 2 245.62 646.08 413.94 973.95 -7.482 -0.314 1
169 3 1751.92 647.08 1811.90 806.11 1.766 0.339 1
169 10 824.55 610.62 988.63 1034.66 9.563 0.061 1
169 11 1625.06 638.92 1684.31 805.33 1.340 -0.166 1
169 23 1272.58 674.51 1293.42 737.15 -0.355 0.114 1
170 2 242.37 641.26 407.72 970.03 -7.184 -0.753 1
170 3 1753.30 647.12 1813.82 806.83 1.754 0.344 1
170 10 838.91 611.85 997.13 1032.63 9.761 0.012 1
170 11 1625.87 640.78 1685.49 805.83 1.304 -0.024 1
170 23 1272.66 676.88 1293.79 739.81 -0.289 0.388 1
171 2 239.73 646.66 398.15 966.55 -7.069 -0.570 1
171 3 1755.88 647.79 1816.31 807.09 1.839 0.357 1
171 10 848.65 613.02 1003.91 1033.79 9.599 0.136 1
171 11 1628.19 643.48 1687.78 806.01 1.412 0.134 1
171 23 1271.97 676.40 1293.98 741.42 -0.284 0.408 1
172 2 228.22 646.11 384.37 969.91 -7.684 -0.352 1
172 3 1757.05 648.03 1817.59 807.17 1.771 0.335 1
172 10 862.97 612.83 1019.49 1034.86 10.179 0.169 1
172 11 1628.12 644.51 1688.15 806.07 1.273 0.179 1
172 23 1272.90 676.87 1294.19 740.05 -0.191 0.315 1
173 2 219.31 643.94 373.81 971.83 -7.909 -0.327 1
173 3 1759.48 648.77 1819.90 805.87 1.837 0.268 1
173 10 871.69 614.09 1029.93 1035.89 10.114 0.275 1
173 11 1628.33 645.56 1688.62 806.09 1.168 0.219 1
173 23 1271.31 674.37 1292.93 737.49 -0.328 -0.000 1
174 2 210.33 640.50 364.81 974.54 -8.027 -0.331 1
174 3 1761.35 646.38 1822.33 804.69 1.872 0.040 1
174 10 880.09 615.25 1041.20 1035.59 10.083 0.291 1
174 11 1630.22 647.27 1690.21 805.42 1.232 0.253 1
174 12 1614.57 667.09 1643.54 744.04 -2.781 -0.552 1
174 23 1271.20 674.77 1292.00 733.88 -0.350 -0.180 1
175 2 203.41 645.76 354.30 972.95 -8.099 -0.102 1
175 3 1763.49 646.14 1824.32 804.91 1.893 0.034 1
175 10 884.02 620.98 1047.23 1037.43 9.525 0.673 1
175 11 1631.49 648.57 1691.47 805.83 1.236 0.322 1
175 12 1614.28 667.48 1642.33 742.53 -2.602 -0.553 1
175 23 1271.12 676.28 1293.07 737.92 -0.248 0.173 1
176 2 189.46 644.52 341.11 971.66 -8.692 -0.227 1
176 3 1764.32 642.75 1826.22 804.99 1.835 -0.152 1
176 10 887.88 624.48 1054.93 1038.75 9.111 0.866 1
176 11 1632.00 648.37 1692.48 805.98 1.182 0.282 1
176 12 1613.82 669.66 1641.27 743.26 -2.410 -0.344 1
176 23 1269.42 675.50 1292.51 739.35 -0.351 0.190 1
177 2 178.57 644.73 331.19 969.86 -8.879 -0.290 1
177 3 1765.92 640.82 1828.80 806.33 1.863 -0.168 1
177 10 892.63 623.12 1065.07 1037.23 8.924 0.608 1
177 11 1632.95 647.61 1694.66 807.36 1.225 0.285 1
177 12 1614.32 669.18 1641.76 744.23 -2.085 -0.278 1
177 23 1269.02 675.56 1292.21 739.66 -0.351 0.190 1
178 2 172.52 648.79 326.11 967.86 -8.513 -0.144 1
178 3 1767.08 639.45 1830.43 807.49 1.813 -0.161 1
178 10 897.01 623.90 1074.21 1037.29 8.682 0.587 1
178 11 1633.46 644.68 1697.21 808.53 1.260 0.155 1
178 12 1613.67 670.32 1640.27 742.63 -1.972 -0.272 1
179 2 166.45 650.33 322.74 967.79 -8.085 -0.045 1
179 3 1769.71 637.63 1833.29 807.93 1.910 -0.216 1
179 10 902.07 623.51 1082.82 1037.29 8.476 0.500 1
179 11 1634.99 642.91 1699.39 808.31 1.324 0.030 1
179 12 1612.21 670.09 1639.80 744.72 -1.856 -0.133 1
180 2 160.78 650.90 319.54 968.44 -7.670 0.030 1
180 3 1772.24 637.61 1835.35 808.09 1.949 -0.186 1
180 10 907.30 620.70 1088.69 1036.61 8.150 0.249 1
180 11 1636.10 642.89 1700.25 808.21 1.288 0.021 1
180 12 1610.49 669.36 1640.24 746.80 -1.719 -0.043 1
181 2 157.83 652.42 319.76 970.03 -6.954 0.203 1
181 3 1775.24 641.57 1835.93 806.17 1.933 -0.063 1
181 10 913.84 616.98 1094.96 1036.33 7.957 0.001 1
181 11 1636.90 641.57 1700.76 807.50 1.221 -0.089 1
181 12 1609.21 669.73 1639.19 744.99 -1.660 -0.115 1
182 2 153.72 654.30 316.80 969.31 -6.567 0.246 1
182 3 1776.40 642.46 1837.28 808.74 1.860 0.131 1
182 10 923.29 618.21 1100.29 1036.21 7.895 0.062 1
182 11 1637.23 639.77 1701.49 808.54 1.147 -0.120 1
182 12 1604.85 668.56 1637.52 750.93 -1.808 0.156 1
183 2 150.80 653.00 314.97 967.72 -6.092 0.054 1
183 3 1777.96 644.10 1837.86 809.03 1.774 0.222 1
183 10 937.08 613.40 1109.97 1034.18 8.315 -0.320 1
183 11 1638.38 639.75 1701.97 808.27 1.112 -0.122 1
183 12 1604.30 668.77 1637.80 751.80 -1.641 0.194 1
184 2 141.53 648.51 307.03 967.13 -6.377 -0.240 1
184 3 1779.75 645.39 1838.71 809.12 1.724 0.274 1
184 10 951.97 610.28 1121.80 1037.35 8.864 -0.282 1
184 11 1638.55 640.42 1701.67 808.82 0.988 -0.045 1
184 12 1603.40 668.87 1637.49 752.12 -1.540 0.196 1
185 2 127.27 646.81 292.18 968.90 -7.286 -0.209 1
185 3 1782.35 649.85 1838.95 807.16 1.690 0.382 1
185 10 965.15 608.47 1131.27 1039.86 9.128 -0.214 1
185 11 1638.87 640.69 1701.89 809.68 0.911 0.020 1
185 12 1601.86 668.91 1636.73 752.87 -1.502 0.216 1
186 2 113.28 642.89 277.20 969.58 -8.073 -0.363 1
186 3 1783.76 647.49 1841.13 808.41 1.703 0.274 1
186 10 976.23 607.16 1138.00 1041.46 9.104 -0.176 1
186 11 1638.74 640.15 1702.14 809.99 0.821 0.005 1
186 12 1599.74 668.93 1634.81 752.49 -1.553 0.177 1
187 2 102.74 645.35 262.19 970.50 -8.577 -0.143 1
187 3 1785.97 643.99 1844.11 808.21 1.804 0.031 1
187 10 989.46 604.07 1147.29 1038.11 9.331 -0.497 1
187 11 1638.55 640.61 1702.31 810.76 0.732 0.070 1
187 12 1599.51 669.60 1634.27 751.67 -1.435 0.151 1
188 2 95.18 650.94 248.13 967.55 -8.818 0.014 1
188 3 1788.26 643.31 1846.29 808.12 1.852 -0.015 1
188 10 1003.81 604.25 1159.22 1036.81 9.735 -0.504 1
188 11 1637.92 640.79 1702.22 811.04 0.615 0.088 1
188 12 1598.30 669.20 1633.99 752.66 -1.362 0.166 1
189 2 85.67 653.74 238.22 973.10 -8.916 0.476 1
189 3 1789.68 640.42 1849.07 809.40 1.879 -0.102 1
189 10 1020.51 608.99 1176.83 1038.95 10.530 -0.082 1
189 11 1637.70 639.56 1702.77 810.47 0.567 -0.019 1
189 12 1597.04 669.05 1633.46 753.02 -1.312 0.159 1
190 2 73.75 652.12 225.67 970.52 -9.285 0.191 1
190 3 1790.28 637.38 1850.59 808.57 1.792 -0.296 1
190 10 1033.35 613.46 1192.05 1039.75 10.910 0.213 1
190 11 1637.53 638.44 1703.68 810.90 0.545 -0.054 1
190 12 1594.70 667.02 1632.61 753.80 -1.343 0.077 1
191 2 63.11 652.15 214.53 968.87 -9.463 0.079 1
191 3 1792.36 633.61 1853.10 806.28 1.845 -0.581 1
191 10 1046.12 621.79 1205.59 1036.73 11.157 0.482 1
191 11 1637.96 638.02 1705.46 811.71 0.605 -0.027 1
191 12 1593.62 666.26 1631.90 753.43 -1.297 0.012 1
192 2 56.81 653.48 207.39 968.25 -9.156 0.109 1
192 3 1795.08 632.19 1855.93 805.40 1.941 -0.639 1
192 10 1053.41 617.57 1219.93 1036.24 11.118 0.160 1
192 11 1639.64 636.56 1707.85 811.36 0.758 -0.120 1
192 12 1591.10 664.67 1629.91 753.27 -1.394 -0.079 1
193 2 48.37 653.96 198.92 966.03 -9.078 -0.000 1
193 3 1799.20 633.01 1859.05 803.10 2.115 -0.650 1
193 10 1056.07 616.00 1229.21 1038.71 10.534 0.192 1
193 11 1641.96 634.71 1710.33 810.55 0.931 -0.249 1
193 12 1588.45 664.73 1626.37 751.89 -1.566 -0.138 1
194 2 42.90 653.46 194.12 963.88 -8.631 -0.151 1
194 3 1801.85 630.72 1862.95 804.88 2.240 -0.608 1
194 10 1053.59 618.03 1230.77 1037.00 9.307 0.189 1
194 11 1644.77 634.03 1712.57 810.24 1.100 -0.275 1
194 12 1585.44 664.77 1623.16 752.67 -1.727 -0.081 1
195 2 38.93 655.92 190.95 963.75 -8.055 -0.001 1
195 3 1803.77 629.24 1865.33 804.90 2.230 -0.621 1
195 10 1057.71 621.45 1237.98 1037.67 8.900 0.397 1
195 11 1647.54 631.82 1714.93 810.11 1.256 -0.370 1
195 12 1583.98 664.80 1621.07 751.64 -1.732 -0.125 1
195 23 1268.71 675.02 1290.18 733.13 -0.088 -0.165 1
196 2 34.12 654.83 189.12 965.73 -7.514 0.050 1
196 3 1805.61 631.33 1865.62 800.32 2.108 -0.686 1
196 10 1063.68 625.37 1248.16 1039.91 8.806 0.699 1
196 11 1649.73 631.00 1716.57 810.06 1.325 -0.376 1
196 12 1582.75 665.48 1619.10 750.58 -1.717 -0.132 1
196 23 1270.75 677.20 1291.85 730.75 0.115 -0.158 1
197 2 29.41 653.74 187.25 967.80 -7.038 0.100 1
197 3 1807.39 630.86 1869.10 803.24 2.164 -0.477 1
197 10 1062.95 620.18 1252.27 1038.09 8.003 0.224 1
197 11 1651.18 629.41 1717.80 810.04 1.327 -0.422 1
197 12 1581.52 663.76 1618.61 750.18 -1.623 -0.234 1
197 23 1271.67 679.93 1293.38 732.87 0.280 0.224 1
198 2 22.80 652.00 182.70 967.93 -6.876 -0.000 1
198 3 1809.44 632.02 1872.81 806.94 2.243 -0.160 1
198 10 1066.50 621.50 1257.32 1038.72 7.589 0.308 1
198 11 1653.02 628.18 1719.51 810.03 1.374 -0.443 1
198 12 1581.31 664.45 1618.28 750.03 -1.475 -0.179 1
198 23 1268.46 677.41 1291.23 732.23 -0.187 -0.060 1
198 26 1618.09 692.00 1644.73 741.41 0.346 -0.419 1
199 2 16.50 648.70 178.05 966.66 -6.723 -0.250 1
199 3 1813.89 634.45 1877.61 809.01 2.498 0.099 1
199 10 1078.50 622.65 1265.13 1030.35 7.847 -0.128 1
199 11 1655.52 628.40 1721.54 810.68 1.468 -0.351 1
199 12 1580.11 664.06 1618.09 751.30 -1.388 -0.110 1
199 23 1271.46 682.54 1293.02 732.68 0.193 0.358 1
199 26 1618.56 692.00 1644.55 740.13 0.275 -0.499 1
200 2 10.02 646.80 171.67 966.18 -6.691 -0.353 1
200 3 1816.58 634.74 1881.57 811.12 2.587 0.217 1
200 10 1082.53 616.39 1272.57 1036.53 7.607 -0.118 1
200 11 1659.77 627.20 1725.48 810.27 1.744 -0.398 1
200 12 1579.10 664.58 1617.36 751.78 -1.332 -0.044 1
200 23 1272.50 684.51 1293.86 732.87 0.305 0.467 1
200 26 1618.11 692.00 1644.30 740.54 0.091 -0.292 1
201 2 5.10 648.72 162.35 962.05 -6.737 -0.433 1
201 3 1816.80 635.52 1882.37 811.90 2.366 0.277 1
201 10 1093.93 614.09 1282.73 1040.77 7.958 0.002 1
201 11 1661.11 626.78 1727.15 811.42 1.719 -0.318 1
201 12 1577.45 664.14 1615.82 751.96 -1.361 -0.054 1
201 23 1273.04 685.52 1293.92 732.80 0.305 0.467 1
201 26 1617.39 692.00 1644.06 741.43 -0.047 -0.116 1
202 2 0.44 643.50 158.20 962.48 -6.480 -0.649 1
202 3 1818.12 634.50 1884.54 812.17 2.299 0.208 1
202 10 1105.79 611.91 1289.69 1039.11 8.114 -0.205 1
202 11 1663.31 626.65 1729.24 811.20 1.764 -0.303 1
202 12 1575.47 664.63 1613.41 751.37 -1.451 -0.053 1
202 23 1271.43 682.03 1294.86 733.76 0.216 0.226 1
202 26 1617.85 692.70 1643.95 741.06 -0.001 -0.060 1
203 2 -0.71 644.86 154.48 962.66 -6.040 -0.495 1
203 3 1821.04 633.46 1888.67 812.91 2.430 0.169 1
203 10 1121.28 609.77 1301.15 1042.41 8.688 -0.121 1
203 11 1664.29 626.63 1730.42 811.77 1.691 -0.242 1
203 12 1573.56 664.83 1611.11 750.47 -1.522 -0.085 1
203 23 1271.72 682.40 1295.01 733.84 0.216 0.226 1
203 26 1618.23 692.25 1644.41 740.94 0.073 -0.099 1
204 2 0.52 652.68 150.62 964.07 -5.525 0.062 1
204 3 1824.71 632.42 1893.42 814.48 2.619 0.179 1
204 10 1138.40 607.68 1314.65 1047.58 9.390 0.055 1
204 11 1667.04 627.31 1733.62 812.64 1.828 -0.134 1
204 12 1571.69 662.92 1609.52 749.47 -1.545 -0.238 1
204 26 1618.37 692.29 1644.41 740.71 0.073 -0.099 1
205 2 -3.00 649.68 146.36 965.95 -5.343 -0.007 1
205 3 1826.21 631.38 1894.96 813.10 2.503 0.034 1
205 10 1152.68 604.30 1325.80 1052.14 9.736 0.111 1
205 11 1669.64 627.59 1736.45 811.64 1.922 -0.157 1
205 12 1568.12 660.89 1605.97 748.44 -1.768 -0.380 1
206 2 -5.53 649.22 141.06 965.33 -5.185 -0.066 1
206 3 1827.91 630.33 1897.49 814.51 2.463 0.050 1
206 10 1167.08 604.99 1334.81 1050.58 9.939 0.055 1
206 11 1672.97 632.34 1738.99 811.26 2.032 0.096 1
206 12 1565.88 660.14 1603.65 748.72 -1.823 -0.365 1
207 2 -8.18 652.35 135.87 967.74 -5.045 0.246 1
207 3 1827.97 628.64 1898.87 816.99 2.280 0.086 1
207 10 1181.79 602.03 1348.02 1049.27 10.356 -0.173 1
207 11 1674.57 630.15 1742.77 811.77 2.106 -0.008 1
207 12 1563.88 660.52 1600.77 748.18 -1.890 -0.334 1
208 2 -10.08 656.18 128.61 964.02 -4.995 0.225 1
208 3 1829.71 626.71 1900.13 814.66 2.200 -0.142 1
208 10 1196.20 604.22 1363.17 1051.36 10.818 0.069 1
208 11 1673.92 629.35 1743.98 813.28 1.902 0.032 1
208 12 1561.30 661.36 1597.01 747.32 -2.028 -0.300 1
209 2 -11.13 658.95 123.98 963.94 -4.751 0.351 1
209 3 1832.82 625.99 1902.58 813.73 2.260 -0.213 1
209 10 1207.98 605.76 1376.97 1049.49 11.027 0.045 1
209 11 1673.46 635.62 1741.87 813.84 1.553 0.403 1
209 12 1558.22 661.02 1593.87 747.00 -2.149 -0.302 1
210 2 -13.50 653.96 119.28 959.92 -4.612 -0.205 1
210 3 1837.38 627.06 1905.88 814.01 2.435 -0.120 1
210 10 1216.96 608.36 1388.72 1048.74 10.956 0.139 1
210 11 1673.33 636.71 1742.81 818.05 1.424 0.656 1
210 12 1555.81 660.91 1592.12 747.56 -2.141 -0.244 1
211 2 -13.77 652.07 116.59 958.43 -4.254 -0.374 1
211 3 1839.84 627.49 1907.55 814.77 2.395 -0.044 1
211 10 1219.94 608.03 1394.69 1045.78 10.249 -0.055 1
211 11 1674.78 636.44 1742.90 814.32 1.351 0.360 1
211 12 1554.20 662.19 1590.34 747.12 -2.092 -0.170 1
212 2 -11.28 659.97 113.99 958.56 -3.778 0.123 1
212 3 1843.20 628.33 1909.51 813.73 2.424 -0.050 1
212 10 1228.08 614.54 1404.32 1045.32 10.097 0.285 1
212 11 1675.33 634.97 1743.46 813.52 1.262 0.191 1
212 12 1553.26 662.70 1589.52 746.96 -1.955 -0.131 1
213 2 -12.45 656.26 112.19 959.31 -3.514 -0.062 1
213 3 1846.28 629.33 1911.57 813.98 2.440 0.023 1
213 10 1230.13 616.34 1411.42 1045.80 9.475 0.381 1
213 11 1676.55 633.76 1745.22 814.54 1.287 0.159 1
213 12 1552.24 663.55 1588.71 746.91 -1.836 -0.070 1
214 2 -15.17 650.92 107.42 956.96 -3.541 -0.493 1
214 3 1848.51 631.04 1912.42 813.40 2.341 0.083 1
214 10 1231.62 619.65 1413.29 1040.67 8.591 0.235 1
214 11 1677.99 632.63 1746.79 814.92 1.311 0.100 1
214 12 1551.08 663.87 1588.01 747.57 -1.732 -0.006 1
215 2 -18.00 654.83 87.88 929.71 -4.393 -1.740 1
215 3 1850.71 631.69 1914.49 815.17 2.318 0.209 1
215 10 1238.27 611.51 1428.44 1046.08 8.858 0.050 1
215 11 1680.39 632.20 1748.72 814.40 1.405 0.037 1
215 12 1549.97 663.33 1587.23 747.15 -1.642 -0.060 1
216 2 -18.96 661.22 80.68 930.16 -4.355 -1.106 1
216 3 1852.64 631.93 1915.99 815.16 2.250 0.199 1
216 10 1247.58 609.17 1441.81 1050.03 9.135 0.135 1
216 11 1682.67 632.04 1751.28 815.51 1.515 0.085 1
216 12 1548.18 661.13 1586.45 747.67 -1.601 -0.149 1
217 2 -20.94 667.48 74.63 938.55 -4.312 -0.025 1
217 3 1854.60 632.02 1917.79 815.15 2.209 0.181 1
217 10 1254.73 604.34 1449.87 1050.88 8.969 -0.096 1
217 11 1685.30 629.35 1754.33 814.61 1.658 -0.119 1
217 12 1546.62 662.27 1583.88 747.21 -1.652 -0.095 1
218 2 -20.21 669.70 71.26 941.65 -3.934 0.314 1
218 3 1855.28 632.05 1918.35 815.13 2.033 0.161 1
218 10 1257.55 602.52 1452.18 1051.18 8.286 -0.167 1
218 11 1686.30 628.33 1755.36 814.25 1.590 -0.179 1
218 12 1546.17 662.73 1582.88 747.03 -1.550 -0.069 1
219 2 -21.04 667.79 68.11 947.54 -3.695 0.520 1
219 3 1857.38 632.71 1919.86 815.78 2.007 0.216 1
219 10 1266.20 601.85 1457.93 1051.27 8.171 -0.180 1
219 11 1688.45 627.31 1757.82 814.77 1.666 -0.188 1
219 12 1544.94 661.58 1581.71 746.97 -1.512 -0.129 1
219 23 1270.78 685.03 1294.30 735.99 -0.019 0.159 1
220 2 -24.49 669.04 64.17 947.33 -3.695 0.520 1
220 3 1859.65 631.64 1922.10 816.67 2.035 0.182 1
220 10 1287.78 597.69 1476.06 1054.57 9.411 -0.207 1
220 11 1692.74 626.27 1761.71 814.97 1.924 -0.212 1
220 12 1541.45 659.83 1578.47 747.61 -1.715 -0.176 1
220 23 1271.93 685.75 1295.10 735.36 0.073 0.148 1
221 3 1861.00 629.91 1923.62 817.66 1.969 0.122 1
221 10 1303.73 594.18 1488.31 1059.07 9.903 -0.133 1
221 11 1695.76 625.24 1764.31 814.38 2.018 -0.275 1
221 12 1538.60 658.52 1575.61 747.85 -1.836 -0.213 1
221 23 1273.06 687.33 1295.34 734.47 0.140 0.170 1
222 3 1863.14 627.95 1925.05 816.71 1.950 -0.048 1
222 10 1320.64 594.20 1499.79 1060.76 10.347 -0.031 1
222 11 1698.44 626.19 1765.60 812.84 2.014 -0.278 1
222 12 1537.37 658.03 1574.12 747.95 -1.787 -0.212 1
222 23 1274.52 688.59 1296.41 734.81 0.279 0.247 1
223 3 1865.76 627.20 1926.27 815.67 1.946 -0.138 1
223 10 1336.07 595.57 1508.91 1057.43 10.546 -0.129 1
223 11 1700.25 627.24 1767.11 813.57 1.976 -0.151 1
223 12 1536.96 659.83 1572.98 748.64 -1.682 -0.061 1
223 23 1275.29 690.38 1296.55 734.94 0.301 0.338 1
224 3 1867.51 625.62 1927.15 815.93 1.878 -0.194 1
224 10 1349.66 594.17 1519.00 1054.78 10.683 -0.329 1
224 11 1702.60 628.31 1769.16 814.51 2.001 -0.025 1
224 12 1535.66 660.53 1571.20 748.24 -1.668 -0.039 1
224 23 1275.63 692.37 1295.83 733.62 0.237 0.338 1
225 3 1869.24 625.03 1927.59 816.02 1.794 -0.200 1
225 10 1365.62 595.00 1536.26 1057.05 11.317 -0.128 1
225 11 1704.99 630.04 1771.59 816.84 2.045 0.201 1
225 12 1534.48 661.47 1570.02 748.75 -1.614 0.044 1
225 23 1275.44 690.98 1296.54 734.53 0.240 0.257 1
226 3 1870.06 624.83 1927.45 817.37 1.639 -0.118 1
226 10 1378.59 595.36 1551.50 1055.92 11.618 -0.156 1
226 11 1707.56 630.70 1773.99 818.38 2.093 0.299 1
226 12 1533.80 661.82 1569.28 748.28 -1.515 0.032 1
226 23 1275.87 691.17 1296.95 734.18 0.263 0.213 1
227 3 1871.73 624.77 1927.88 818.53 1.577 -0.047 1
227 10 1388.46 600.14 1562.68 1054.80 11.498 0.060 1
227 11 1709.62 630.94 1775.63 818.95 2.067 0.311 1
227 12 1532.65 661.95 1568.69 748.77 -1.443 0.063 1
227 23 1276.26 691.65 1297.08 734.12 0.263 0.213 1
228 3 1872.96 622.80 1927.99 818.96 1.481 -0.123 1
228 10 1394.47 600.66 1572.94 1054.36 11.128 0.058 1
228 11 1712.16 632.35 1777.63 819.80 2.089 0.400 1
228 12 1531.13 662.66 1567.69 749.61 -1.423 0.142 1
228 23 1277.24 691.23 1298.32 734.01 0.363 0.157 1
229 3 1876.04 624.03 1928.58 817.80 1.518 -0.107 1
229 10 1398.14 602.84 1581.16 1054.85 10.551 0.200 1
229 11 1713.78 632.21 1779.54 820.77 2.054 0.402 1
229 12 1530.02 663.59 1566.63 750.58 -1.385 0.232 1
229 23 1277.71 691.61 1298.58 733.95 0.363 0.157 1
230 3 1879.07 627.17 1928.81 817.34 1.530 0.048 1
230 10 1400.87 604.33 1589.34 1058.34 9.981 0.455 1
230 11 1715.86 632.15 1781.95 820.46 2.074 0.338 1
230 12 1529.08 663.27 1565.54 750.28 -1.344 0.172 1
231 3 1882.63 631.03 1929.02 816.49 1.569 0.208 1
231 10 1404.48 604.88 1598.97 1060.96 9.608 0.581 1
231 11 1718.23 631.46 1785.08 822.30 2.148 0.364 1
231 12 1529.18 663.81 1564.12 748.84 -1.269 0.103 1
231 23 1277.35 690.33 1298.90 733.98 0.284 0.057 1
232 3 1885.27 630.47 1929.66 816.17 1.577 0.134 1
232 10 1407.43 606.40 1606.88 1062.58 9.147 0.690 1
232 11 1719.46 630.54 1786.43 822.31 2.056 0.276 1
232 12 1528.61 668.67 1560.30 746.95 -1.373 0.259 1
232 23 1276.90 689.48 1298.69 733.30 0.218 -0.031 1
233 3 1887.07 627.60 1929.63 814.73 1.498 -0.128 1
233 10 1407.12 603.65 1611.22 1063.17 8.362 0.496 1
233 11 1720.85 630.18 1787.83 822.30 1.985 0.226 1
233 12 1527.43 669.40 1558.74 746.74 -1.373 0.259 1
233 23 1276.44 690.50 1298.24 733.73 0.145 0.051 1
234 3 1888.52 626.52 1929.39 815.51 1.397 -0.131 1
234 10 1408.73 601.95 1615.76 1061.38 7.785 0.251 1
234 11 1721.33 628.73 1788.26 820.95 1.821 0.052 1
234 23 1276.16 690.22 1298.17 733.89 0.109 0.039 1
235 3 1891.75 626.11 1929.81 811.85 1.444 -0.341 1
235 10 1414.68 601.29 1622.70 1063.97 7.639 0.329 1
235 11 1726.17 628.84 1792.84 821.09 2.131 0.060 1
235 23 1276.99 690.77 1298.51 733.29 0.162 0.032 1
236 3 1892.39 628.63 1929.10 816.45 1.278 0.096 1
236 10 1422.45 599.08 1627.80 1060.97 7.509 0.011 1
236 11 1732.06 630.21 1798.28 822.44 2.513 0.200 1
236 23 1276.33 689.64 1298.28 733.07 0.093 -0.049 1
237 3 1893.67 628.72 1930.38 816.55 1.278 0.096 1
237 10 1433.05 599.56 1633.36 1059.80 7.571 -0.027 1
237 11 1735.45 630.07 1801.65 822.29 2.607 0.163 1
237 23 1276.61 689.88 1298.32 732.99 0.101 -0.034 1
238 10 1448.35 601.74 1642.75 1060.01 8.092 0.106 1
238 11 1736.92 629.36 1803.87 822.21 2.524 0.102 1
238 23 1276.74 689.92 1298.39 732.88 0.101 -0.034 1
239 10 1465.41 600.59 1654.25 1061.40 8.774 0.107 1
239 11 1740.34 629.09 1808.90 823.49 2.709 0.146 1
239 23 1277.36 689.21 1299.27 732.95 0.170 -0.065 1
240 10 1480.90 600.81 1664.09 1063.89 9.200 0.245 1
240 11 1744.83 631.63 1814.65 825.28 2.970 0.364 1
240 23 1277.31 689.73 1299.01 732.96 0.135 -0.030 1
241 10 1493.75 598.93 1673.99 1068.12 9.438 0.346 1
241 11 1748.94 629.95 1821.49 825.94 3.241 0.269 1
241 23 1275.28 688.58 1298.26 734.29 -0.032 -0.016 1
242 10 1506.78 602.81 1680.74 1065.75 9.487 0.390 1
242 11 1751.49 633.92 1825.47 828.80 3.244 0.607 1
242 12 1509.57 661.34 1543.62 748.91 -1.683 -0.137 1
242 23 1274.76 688.17 1298.41 735.42 -0.048 0.023 1
243 10 1521.05 605.64 1691.75 1066.13 9.830 0.522 1
243 11 1752.56 632.13 1829.28 829.87 3.157 0.503 1
243 12 1509.84 662.91 1542.66 748.36 -1.571 -0.082 1
243 23 1276.02 688.66 1299.59 735.86 0.079 0.067 1
244 10 1540.69 605.37 1712.65 1068.23 10.981 0.566 1
244 11 1752.59 630.79 1831.53 830.24 2.941 0.397 1
244 12 1510.21 662.90 1542.19 746.83 -1.432 -0.146 1
244 23 1276.95 689.51 1299.63 734.72 0.119 0.046 1
245 10 1555.70 605.25 1730.62 1069.00 11.586 0.539 1
245 11 1753.10 630.93 1833.61 831.01 2.767 0.403 1
245 12 1509.45 662.90 1541.71 746.91 -1.352 -0.127 1
245 23 1277.38 689.17 1300.23 734.93 0.161 0.034 1
246 10 1569.07 605.85 1747.35 1066.62 11.967 0.382 1
246 11 1753.67 632.96 1834.47 830.62 2.549 0.447 1
246 12 1507.69 663.57 1539.81 747.60 -1.401 -0.045 1
246 23 1278.42 689.71 1300.87 735.67 0.234 0.099 1
247 10 1576.63 606.73 1758.20 1063.04 11.661 0.191 1
247 11 1754.70 633.73 1835.73 829.77 2.397 0.395 1
247 12 1505.81 662.51 1537.77 747.20 -1.459 -0.116 1
247 23 1278.49 689.91 1300.11 733.97 0.172 0.008 1
248 10 1584.08 609.70 1769.98 1062.34 11.434 0.297 1
248 11 1757.70 634.01 1838.70 829.43 2.462 0.348 1
248 12 1503.58 663.42 1534.68 746.40 -1.585 -0.098 1
248 23 1278.19 689.99 1299.45 733.31 0.098 -0.026 1
249 10 1585.23 613.45 1777.80 1069.39 10.649 0.872 1
249 11 1761.32 632.78 1842.43 827.96 2.596 0.160 1
249 12 1502.36 663.78 1533.33 746.75 -1.552 -0.049 1
249 23 1278.51 690.02 1300.10 733.73 0.143 0.003 1
250 10 1584.49 615.49 1781.78 1070.69 9.638 0.962 1
250 11 1764.85 631.64 1846.11 828.05 2.708 0.084 1
250 12 1501.43 665.24 1532.10 746.89 -1.501 0.044 1
250 23 1278.07 690.02 1299.58 733.23 0.071 -0.025 1
251 10 1586.71 618.86 1787.23 1066.52 8.990 0.810 1
251 11 1769.49 629.89 1851.26 829.40 2.949 0.053 1
251 12 1500.22 665.79 1531.28 747.61 -1.446 0.110 1
251 23 1277.99 690.02 1299.94 735.04 0.079 0.082 1
252 10 1585.87 615.42 1792.12 1065.58 8.201 0.470 1
252 11 1775.18 629.24 1856.29 830.56 3.211 0.074 1
252 12 1499.35 665.33 1530.84 747.22 -1.358 0.050 1
252 23 1278.09 690.02 1299.94 735.71 0.076 0.110 1
253 10 1581.96 611.46 1792.98 1065.89 7.106 0.211 1
253 11 1780.96 626.37 1862.25 832.30 3.495 0.006 1
253 12 1498.53 666.47 1529.95 747.07 -1.302 0.099 1
253 23 1278.83 690.02 1300.54 735.31 0.140 0.076 1
254 10 1587.38 613.90 1799.69 1067.98 6.990 0.439 1
254 11 1784.10 623.98 1865.97 833.60 3.488 -0.051 1
254 12 1497.12 666.90 1528.84 747.01 -1.297 0.109 1
254 23 1276.38 688.70 1298.88 735.14 -0.096 -0.012 1
255 10 1593.57 610.18 1806.79 1066.12 6.952 0.083 1
255 11 1783.68 622.44 1866.82 836.03 3.152 -0.000 1
255 12 1495.52 665.06 1528.27 746.99 -1.273 -0.009 1
255 23 1274.89 686.90 1298.17 734.43 -0.201 -0.143 1
256 10 1598.67 606.79 1811.46 1068.05 6.725 -0.007 1
256 11 1785.37 622.52 1868.30 836.30 2.994 0.017 1
256 12 1494.05 664.37 1527.03 746.33 -1.282 -0.083 1
256 23 1273.15 684.26 1297.78 733.50 -0.290 -0.311 1
257 10 1610.33 600.91 1819.45 1064.83 7.060 -0.500 1
257 11 1788.43 623.24 1870.80 836.36 2.972 0.055 1
257 12 1493.10 663.44 1526.40 746.08 -1.228 -0.139 1
257 23 1271.83 683.26 1297.00 732.50 -0.365 -0.379 1
258 10 1621.40 597.37 1826.51 1064.91 7.276 -0.632 1
258 11 1792.98 624.85 1874.71 836.36 3.102 0.133 1
258 12 1492.09 661.78 1525.58 745.33 -1.194 -0.255 1
258 23 1274.15 686.16 1298.45 733.42 -0.141 -0.152 1
259 10 1633.51 594.74 1833.90 1065.60 7.541 -0.667 1
259 11 1794.22 627.47 1876.45 838.31 2.932 0.360 1
259 12 1489.93 661.16 1523.20 745.05 -1.310 -0.276 1
259 23 1274.46 686.64 1298.98 734.45 -0.082 -0.056 1
260 10 1642.80 597.73 1834.12 1060.61 7.244 -0.703 1
260 11 1797.37 628.47 1881.45 840.34 3.054 0.484 1
260 12 1488.53 661.59 1520.99 744.29 -1.363 -0.264 1
260 23 1275.26 688.14 1299.15 734.82 -0.022 0.050 1
261 10 1652.26 595.62 1839.54 1064.01 7.266 -0.557 1
261 11 1799.60 631.47 1882.74 839.11 2.915 0.527 1
261 12 1487.37 661.11 1519.56 744.01 -1.355 -0.277 1
261 23 1275.96 687.39 1300.16 734.97 0.075 0.011 1
262 10 1664.43 603.41 1844.97 1067.26 7.432 0.100 1
262 11 1803.53 632.62 1886.52 839.26 3.019 0.541 1
262 12 1486.13 660.28 1517.94 743.26 -1.363 -0.333 1
262 23 1275.80 688.42 1298.98 733.71 -0.006 -0.002 1
263 10 1677.70 603.78 1855.00 1069.16 7.893 0.213 1
263 11 1807.77 633.69 1890.91 839.95 3.164 0.579 1
263 12 1485.16 659.97 1516.62 742.98 -1.339 -0.328 1
263 23 1276.54 688.16 1300.40 735.23 0.118 0.070 1
264 10 1692.19 600.62 1869.83 1071.19 8.634 0.128 1
264 11 1810.67 632.76 1895.66 842.18 3.238 0.586 1
264 12 1483.80 660.53 1515.24 744.21 -1.343 -0.194 1
264 23 1276.87 688.06 1300.84 735.78 0.148 0.087 1
265 10 1706.94 601.40 1885.31 1072.59 9.336 0.233 1
265 11 1812.97 631.07 1899.31 842.99 3.209 0.474 1
265 12 1482.75 660.76 1514.02 744.02 -1.320 -0.171 1
265 23 1277.20 688.02 1300.80 735.32 0.148 0.051 1
266 10 1717.51 603.03 1895.44 1071.12 9.446 0.216 1
266 11 1816.47 627.79 1903.74 843.27 3.291 0.260 1
266 12 1481.49 661.51 1512.56 743.96 -1.325 -0.115 1
266 23 1276.32 688.01 1299.80 735.14 0.029 0.035 1
267 10 1723.23 603.00 1900.78 1069.88 9.019 0.123 1
267 11 1822.90 626.54 1909.26 842.70 3.576 0.135 1
267 12 1480.48 663.13 1511.31 743.94 -1.303 -0.014 1
267 23 1277.18 688.66 1300.21 735.07 0.095 0.063 1
268 10 1727.44 601.67 1905.98 1069.39 8.545 0.010 1
268 11 1828.91 624.10 1915.45 844.42 3.842 0.083 1
268 12 1479.02 664.41 1510.04 744.61 -1.310 0.098 1
268 23 1277.27 688.74 1300.30 735.13 0.095 0.063 1
269 10 1730.67 601.17 1910.27 1070.52 8.019 0.043 1
269 11 1832.69 621.88 1918.67 843.74 3.807 -0.076 1
269 12 1477.84 664.88 1508.97 744.86 -1.289 0.128 1
269 23 1276.42 688.96 1299.18 734.26 -0.020 0.022 1
270 10 1733.22 603.62 1911.89 1070.28 7.370 0.160 1
270 11 1837.31 621.05 1922.33 842.80 3.842 -0.160 1
270 12 1476.33 664.38 1507.74 744.95 -1.298 0.090 1
270 23 1276.69 690.38 1299.17 734.75 -0.004 0.127 1
271 10 1734.40 607.87 1910.99 1069.51 6.573 0.334 1
271 11 1840.39 620.11 1924.75 842.42 3.727 -0.213 1
271 12 1474.97 664.19 1506.19 744.33 -1.316 0.034 1
271 23 1276.44 689.53 1299.51 734.92 0.002 0.072 1
272 10 1734.22 608.14 1910.02 1067.89 5.775 0.221 1
272 11 1845.28 618.46 1928.24 842.92 3.776 -0.251 1
272 12 1473.88 665.43 1504.30 744.09 -1.336 0.087 1
272 23 1276.19 689.22 1299.13 734.33 -0.034 0.012 1
273 10 1736.38 610.21 1910.93 1064.62 5.299 0.129 1
273 11 1846.06 618.52 1928.41 846.37 3.429 -0.040 1
273 12 1471.54 663.89 1502.30 744.00 -1.432 -0.016 1
273 23 1275.67 688.43 1298.76 734.10 -0.081 -0.047 1
274 10 1734.50 604.31 1911.49 1064.07 4.623 -0.252 1
274 11 1847.77 617.92 1928.77 847.02 3.180 -0.033 1
274 12 1469.17 663.32 1499.84 743.97 -1.542 -0.048 1
274 23 1275.13 688.13 1298.30 734.01 -0.128 -0.063 1
275 10 1733.49 601.44 1911.69 1065.19 4.059 -0.322 1
275 11 1850.70 617.18 1932.20 847.69 3.180 -0.033 1
275 12 1466.87 661.78 1497.79 743.96 -1.612 -0.128 1
275 23 1276.11 687.36 1299.59 733.98 0.011 -0.100 1
276 10 1736.47 602.34 1911.36 1061.02 3.757 -0.467 1
276 11 1852.23 616.10 1927.56 833.40 2.708 -0.796 1
276 12 1464.73 660.55 1495.77 743.96 -1.663 -0.181 1
276 23 1276.13 687.08 1299.78 733.97 0.021 -0.105 1
277 10 1738.53 597.39 1914.60 1063.43 3.633 -0.556 1
277 11 1834.55 602.71 1949.83 957.45 2.663 5.292 1
277 12 1463.79 659.43 1494.58 742.66 -1.599 -0.290 1
277 23 1275.85 686.97 1299.48 733.97 -0.012 -0.100 1
278 10 1743.77 595.56 1919.00 1063.68 3.763 -0.582 1
278 11 1834.79 600.57 1954.91 970.18 2.663 5.292 1
278 12 1462.71 660.33 1493.00 742.82 -1.570 -0.203 1
278 23 1276.70 687.60 1299.72 733.32 0.048 -0.091 1
279 10 1749.65 598.18 1922.42 1066.43 3.860 -0.227 1
279 12 1462.53 660.03 1492.31 741.56 -1.449 -0.265 1
279 23 1276.16 687.84 1298.68 733.07 -0.045 -0.081 1
280 10 1756.77 596.57 1927.77 1068.14 4.118 -0.197 1
280 12 1461.43 660.59 1491.22 742.42 -1.410 -0.158 1
280 23 1276.41 687.94 1298.51 732.98 -0.035 -0.072 1
281 10 1767.27 594.67 1934.87 1068.12 4.622 -0.279 1
281 12 1461.09 661.46 1490.83 742.75 -1.295 -0.074 1
281 23 1275.17 687.31 1297.79 733.62 -0.143 -0.063 1
282 10 1775.74 595.94 1939.34 1071.40 4.821 -0.005 1
282 12 1460.15 663.13 1489.62 742.88 -1.270 0.033 1
282 23 1274.22 687.73 1296.70 733.85 -0.239 -0.020 1
283 10 1782.42 595.80 1940.51 1067.37 4.725 -0.228 1
283 12 1459.03 664.42 1488.05 742.27 -1.279 0.068 1
283 23 1274.91 687.90 1297.22 733.95 -0.146 -0.003 1
284 10 1786.58 595.10 1941.58 1070.45 4.496 -0.074 1
284 12 1457.92 664.23 1486.92 742.05 -1.260 0.036 1
284 23 1275.25 689.28 1296.70 733.32 -0.141 0.039 1
285 10 1791.79 598.81 1940.66 1067.65 4.241 -0.017 1
285 12 1456.61 664.15 1485.50 741.97 -1.273 0.022 1
285 23 1275.61 688.47 1297.63 733.76 -0.050 0.012 1
286 10 1796.82 594.27 1942.17 1066.56 4.134 -0.324 1
286 12 1454.96 662.78 1483.56 739.95 -1.333 -0.176 1
286 23 1276.44 689.49 1297.92 733.26 0.019 0.040 1
287 10 1801.13 591.93 1942.66 1066.82 3.944 -0.403 1
287 12 1453.36 662.26 1481.93 739.87 -1.366 -0.190 1
287 23 1276.81 689.21 1298.66 733.73 0.081 0.047 1
288 10 1805.72 591.72 1942.88 1067.58 3.776 -0.329 1
288 12 1452.29 662.73 1480.56 739.85 -1.349 -0.143 1
288 23 1275.57 688.44 1297.66 732.59 -0.056 -0.067 1
289 10 1810.05 592.33 1942.70 1068.53 3.591 -0.209 1
289 12 1451.14 662.91 1478.92 739.19 -1.355 -0.154 1
289 23 1274.71 686.82 1297.67 732.15 -0.098 -0.176 1
290 10 1814.46 597.20 1941.56 1068.88 3.378 0.099 1
290 12 1450.41 662.98 1478.03 739.62 -1.291 -0.108 1
290 23 1273.04 684.91 1297.05 731.34 -0.213 -0.307 1
291 10 1818.01 599.07 1940.27 1067.69 3.131 0.125 1
291 12 1449.81 663.66 1476.81 739.13 -1.249 -0.084 1
291 23 1274.16 686.14 1297.68 731.69 -0.097 -0.190 1
292 10 1821.41 599.10 1939.46 1066.57 2.927 0.051 1
292 12 1449.52 665.26 1475.18 737.62 -1.215 -0.070 1
292 23 1272.13 683.33 1297.10 731.17 -0.228 -0.349 1
293 10 1825.15 595.14 1939.77 1066.15 2.826 -0.200 1
293 12 1448.56 665.17 1474.21 737.74 -1.186 -0.059 1
293 23 1271.61 683.59 1296.67 730.99 -0.254 -0.309 1
294 10 1829.02 596.28 1939.19 1066.00 2.695 -0.123 1
294 12 1447.11 664.47 1473.02 737.80 -1.201 -0.091 1
294 23 1272.76 684.38 1297.14 730.27 -0.143 -0.274 1
295 10 1832.94 597.39 1938.94 1065.95 2.600 -0.051 1
295 12 1446.06 664.86 1471.85 737.83 -1.191 -0.055 1
295 23 1274.61 686.70 1298.59 732.00 0.051 -0.024 1
296 10 1835.91 596.48 1938.47 1066.60 2.450 -0.060 1
296 12 1445.42 665.00 1471.09 737.86 -1.134 -0.039 1
296 23 1274.50 686.90 1298.60 732.65 0.040 0.026 1
297 10 1838.69 595.48 1937.77 1066.18 2.294 -0.131 1
297 12 1443.92 665.05 1468.83 737.21 -1.220 -0.069 1
297 23 1273.97 686.31 1298.43 732.89 -0.003 0.004 1
298 10 1840.72 596.43 1936.33 1066.03 2.074 -0.073 1
298 12 1443.34 664.40 1468.09 736.31 -1.155 -0.150 1
298 23 1274.97 687.40 1299.14 733.64 0.090 0.104 1
299 10 1842.16 591.50 1935.60 1065.98 1.884 -0.340 1
299 12 1442.61 663.48 1467.76 737.32 -1.084 -0.128 1
299 23 1276.57 688.48 1300.17 733.92 0.224 0.167 1
300 10 1840.69 590.97 1931.94 1064.64 1.398 -0.404 1
300 12 1440.95 663.14 1465.81 737.04 -1.164 -0.148 1
300 23 1278.45 690.22 1301.27 734.02 0.365 0.251 1
301 10 1844.39 611.26 1929.43 1062.82 1.311 0.648 1
301 12 1438.64 661.70 1464.19 738.27 -1.252 -0.144 1
301 23 1276.28 688.17 1299.84 733.38 0.113 0.065 1
302 10 1846.76 621.07 1928.04 1062.14 1.217 1.097 1
302 12 1435.81 659.20 1463.00 740.03 -1.331 -0.167 1
302 23 1276.40 688.25 1299.94 733.43 0.113 0.065 1
303 10 1852.72 601.06 1933.09 1055.18 1.726 -0.634 1
303 12 1434.34 658.90 1461.71 740.06 -1.336 -0.164 1
304 10 1854.33 583.87 1934.76 1056.63 1.716 -1.468 1
304 12 1432.79 658.81 1460.35 740.07 -1.348 -0.152 1
304 23 1277.43 688.06 1301.22 733.93 0.208 0.068 1
305 10 1855.96 581.84 1936.56 1055.72 1.716 -1.468 1
305 12 1431.83 659.44 1458.97 739.41 -1.330 -0.138 1
305 23 1277.63 688.11 1301.45 734.02 0.208 0.068 1
306 12 1430.96 659.70 1457.75 738.50 -1.301 -0.158 1
306 23 1276.31 685.67 1300.43 733.24 0.069 -0.103 1
307 12 1429.73 657.83 1456.31 736.16 -1.305 -0.365 1
307 23 1277.85 683.15 1301.77 731.08 0.208 -0.330 1
307 31 1894.16 632.61 1921.70 852.67 0.620 -0.823 1
308 12 1428.40 657.39 1455.03 735.87 -1.305 -0.365 1
308 23 1277.08 684.21 1299.65 729.64 0.039 -0.316 1
308 31 1894.76 631.58 1922.35 852.05 0.620 -0.823 1
309 12 1428.63 657.77 1455.45 737.46 -1.134 -0.224 1
309 23 1276.07 682.63 1300.20 730.44 0.009 -0.324 1
310 12 1429.55 659.15 1453.05 727.72 -1.092 -0.642 1
310 23 1276.39 682.72 1301.01 730.73 0.068 -0.269 1
311 12 1428.63 658.99 1451.80 726.60 -1.092 -0.642 1
311 23 1278.91 687.36 1302.20 732.16 0.257 0.079 1
312 23 1278.84 685.82 1303.04 732.05 0.271 -0.024 1
312 33 1250.87 665.80 1280.46 719.74 -1.649 -0.021 1
313 23 1279.51 685.27 1304.60 733.33 0.366 0.020 1
313 33 1252.94 666.81 1283.59 722.96 -0.094 0.759 1
314 23 1279.60 686.36 1304.05 732.51 0.302 0.032 1
314 33 1252.97 665.65 1283.12 721.06 -0.130 0.112 1
315 23 1280.01 687.47 1304.07 732.85 0.292 0.108 1
315 33 1257.00 668.81 1283.99 718.89 0.468 0.202 1
316 23 1279.73 686.54 1303.16 729.64 0.192 -0.138 1
316 33 1257.31 666.22 1285.41 718.13 0.553 -0.201 1
317 23 1280.45 687.54 1304.67 731.82 0.302 0.069 1
317 33 1258.01 666.29 1285.81 717.65 0.553 -0.201 1
318 23 1280.11 686.57 1304.47 729.95 0.235 -0.106 1
