4 1 519.250 633.970 590.010 813.000 1.000 
5 1 516.170 636.190 585.410 811.480 0.500 
6 1 511.900 636.930 580.680 811.730 0.250 
7 1 507.900 635.710 576.910 811.840 1.760 
8 1 505.090 635.260 573.800 811.890 2.516 
9 1 501.930 634.410 569.620 809.160 3.197 
10 1 498.700 631.350 567.740 810.920 3.536 
11 1 494.530 630.260 562.890 810.230 3.890 
12 1 491.790 630.540 558.500 807.970 4.184 
13 1 488.240 631.350 553.630 807.130 4.305 
14 1 485.700 631.000 550.640 807.520 4.252 
15 1 483.230 630.880 547.320 806.350 4.238 
16 1 482.710 631.520 545.950 804.600 4.123 
17 1 480.210 633.110 543.340 803.970 3.907 
18 1 476.930 634.380 540.280 803.760 3.705 
19 1 474.260 636.850 536.830 801.710 3.569 
20 1 471.240 637.090 534.470 800.290 3.530 
21 1 465.500 637.170 529.070 798.470 3.762 
22 1 459.480 637.850 523.170 797.830 4.010 
23 1 455.880 637.420 518.590 795.620 4.309 
24 1 451.270 635.900 511.760 788.140 5.342 
25 1 448.000 636.000 507.070 784.050 6.136 
26 1 443.480 633.990 503.600 784.680 6.459 
27 1 439.930 631.940 500.480 784.300 6.647 
28 1 439.400 633.840 498.150 782.230 6.444 
29 1 438.520 635.250 496.320 780.850 6.047 
30 1 435.560 635.770 493.860 781.760 5.507 
31 1 432.150 635.290 492.170 783.480 4.965 
32 1 428.230 633.790 488.450 781.510 4.969 
33 1 425.370 633.880 485.370 780.810 4.907 
34 1 426.690 637.910 484.740 781.250 4.223 
35 1 424.140 638.270 481.700 780.380 3.884 
4 2 1725.900 627.090 1918.410 1023.000 1.000 
5 2 1720.950 629.630 1912.750 1023.760 0.500 
6 2 1708.770 624.660 1900.960 1020.320 2.209 
7 2 1698.480 629.450 1885.650 1017.020 3.603 
8 2 1685.280 631.210 1869.990 1018.020 4.948 
9 2 1670.530 634.600 1851.010 1017.740 6.324 
10 2 1656.030 636.500 1831.490 1015.620 7.462 
11 2 1643.090 632.370 1817.980 1016.250 8.062 
12 2 1631.530 628.830 1806.590 1017.850 8.331 
13 2 1623.860 636.170 1795.950 1019.150 8.579 
14 2 1617.010 638.970 1786.910 1014.950 8.518 
15 2 1608.550 640.640 1779.690 1012.740 8.339 
16 2 1600.280 641.900 1774.970 1012.620 8.089 
17 2 1592.090 644.320 1770.440 1012.610 7.856 
18 2 1585.950 641.170 1773.990 1022.660 7.514 
19 2 1580.250 643.270 1770.650 1022.430 7.192 
20 2 1576.120 645.370 1768.130 1019.670 6.774 
21 2 1571.400 644.130 1769.030 1024.590 6.393 
22 2 1563.530 645.620 1761.410 1021.140 6.138 
23 2 1552.380 642.160 1750.010 1017.140 5.982 
24 2 1541.440 640.190 1739.110 1018.290 6.033 
25 2 1529.050 637.450 1724.710 1018.060 6.249 
26 2 1515.220 633.120 1707.240 1016.670 6.601 
27 2 1501.790 629.520 1688.390 1016.800 7.048 
28 2 1493.720 630.150 1673.070 1016.200 7.359 
29 2 1487.620 628.450 1662.500 1017.300 7.439 
30 2 1482.010 629.160 1650.690 1014.440 7.434 
31 2 1474.140 633.430 1638.210 1012.690 7.490 
32 2 1462.230 632.420 1626.660 1011.380 7.592 
33 2 1446.660 630.060 1614.300 1010.920 7.801 
34 2 1435.570 630.500 1606.390 1011.420 7.879 
35 2 1427.040 632.010 1601.280 1011.640 7.791 
36 2 1421.140 637.900 1598.220 1012.400 7.611 
37 2 1417.590 639.460 1599.230 1014.040 7.218 
38 2 1413.590 640.020 1600.280 1015.980 6.753 
39 2 1411.590 641.530 1599.150 1012.740 6.207 
40 2 1407.040 640.080 1596.520 1011.510 5.722 
41 2 1398.670 640.180 1587.460 1010.400 5.557 
42 2 1389.350 638.870 1577.490 1009.990 5.574 
43 2 1377.340 639.030 1561.600 1007.870 5.868 
44 2 1364.090 637.760 1545.670 1009.080 6.310 
45 2 1349.320 635.950 1526.960 1009.550 6.873 
46 2 1331.790 632.630 1505.460 1006.440 7.559 
47 2 1314.840 628.740 1488.580 1008.580 8.161 
48 2 1300.070 627.300 1473.610 1011.370 8.610 
49 2 1288.510 630.710 1459.590 1012.450 8.918 
50 2 1277.290 632.060 1446.850 1009.560 9.085 
51 2 1267.060 635.240 1436.390 1007.800 9.133 
52 2 1255.500 629.800 1429.840 1007.810 9.001 
53 2 1251.030 630.410 1427.610 1007.170 8.595 
54 2 1246.700 632.650 1427.030 1008.920 8.070 
55 2 1246.320 634.830 1427.680 1007.610 7.400 
56 2 1246.950 636.980 1427.930 1006.460 6.687 
57 2 1244.250 638.450 1426.970 1009.360 6.134 
58 2 1235.920 633.690 1419.240 1008.460 5.823 
59 2 1224.660 632.540 1406.480 1008.130 5.875 
60 2 1213.580 634.090 1391.850 1009.320 6.154 
61 2 1201.720 634.030 1374.770 1009.120 6.565 
62 2 1186.690 631.360 1355.060 1009.040 7.116 
63 2 1172.360 631.010 1336.520 1009.670 7.679 
64 2 1161.390 631.560 1319.310 1002.000 8.129 
65 2 1151.250 635.110 1307.710 1004.400 8.369 
66 2 1143.200 639.080 1299.160 1005.320 8.418 
67 2 1133.090 642.560 1289.950 1005.020 8.439 
68 2 1126.230 646.500 1281.770 997.590 8.300 
69 2 1118.600 649.270 1276.700 996.830 8.077 
70 2 1112.710 652.250 1275.960 1001.280 7.763 
71 2 1107.460 655.960 1275.440 1005.620 7.483 
72 2 1100.060 653.960 1272.730 1005.920 7.096 
73 2 1092.640 651.160 1267.690 1004.050 6.699 
74 2 1082.870 646.080 1259.470 1002.670 6.466 
75 2 1074.790 646.120 1247.490 999.520 6.439 
76 2 1069.210 644.130 1238.170 998.330 6.399 
77 2 1059.250 637.430 1223.280 993.280 6.673 
78 2 1047.530 632.270 1206.440 990.080 7.183 
79 2 1036.460 632.330 1192.180 994.190 7.464 
80 2 1029.560 630.430 1182.930 997.100 7.503 
81 2 1019.750 633.020 1170.240 998.880 7.561 
82 2 1006.780 637.360 1155.610 996.940 7.777 
83 2 993.420 643.020 1143.390 996.880 8.025 
84 2 981.840 645.140 1134.890 996.200 8.149 
85 2 971.850 647.240 1128.190 994.630 8.132 
86 2 966.320 648.010 1126.300 993.390 7.832 
87 2 961.700 647.600 1126.250 994.270 7.355 
88 2 960.790 654.040 1126.080 993.960 6.820 
89 2 958.350 656.450 1124.890 994.530 6.321 
90 2 949.550 643.970 1121.560 993.420 5.915 
91 2 940.690 639.340 1111.860 990.400 5.898 
92 2 926.310 636.250 1095.980 991.230 6.244 
93 2 910.030 631.160 1077.680 993.530 6.821 
94 2 897.110 631.230 1059.070 993.770 7.370 
95 2 883.170 632.630 1039.950 994.530 7.898 
96 2 874.760 636.500 1026.020 993.500 8.181 
97 2 865.900 638.670 1014.020 993.120 8.315 
98 2 857.010 642.140 1002.640 989.660 8.385 
99 2 848.570 644.130 994.340 986.370 8.347 
100 2 840.770 646.190 988.730 985.840 8.162 
101 2 835.230 649.600 986.720 987.010 7.785 
102 2 827.500 652.180 983.070 988.800 7.453 
103 2 819.230 651.780 979.140 989.500 7.157 
104 2 810.430 650.260 974.070 989.760 6.923 
105 2 802.720 647.670 967.930 987.230 6.745 
106 2 794.250 646.670 959.250 986.280 6.689 
107 2 784.120 643.630 947.660 986.600 6.798 
108 2 776.310 640.510 937.330 986.730 6.903 
109 2 768.480 641.970 923.120 984.160 7.083 
110 2 759.290 641.890 910.080 985.850 7.245 
111 2 754.310 640.550 902.070 986.500 7.212 
112 2 748.500 640.050 893.080 984.780 7.161 
113 2 737.510 643.850 880.000 983.470 7.265 
114 2 720.750 649.280 863.810 982.330 7.640 
115 2 707.510 651.310 853.450 981.930 7.917 
116 2 697.370 653.370 846.920 980.460 7.983 
117 2 691.630 654.770 845.900 981.270 7.705 
118 2 686.920 653.270 846.160 980.930 7.243 
119 2 682.920 652.670 845.170 980.160 6.747 
120 2 682.750 653.740 846.100 979.220 6.129 
121 2 677.920 653.460 842.530 980.220 5.698 
122 2 665.400 652.010 829.870 980.610 5.767 
123 2 650.450 647.480 814.700 980.770 6.198 
124 2 632.700 645.770 795.950 984.790 6.825 
125 2 615.360 643.820 777.730 988.280 7.485 
126 2 600.570 643.740 760.650 988.950 8.056 
127 2 586.700 644.390 747.340 993.130 8.423 
128 2 581.190 645.970 740.010 994.030 8.407 
129 2 581.540 641.980 737.610 989.730 8.060 
130 2 582.760 647.060 734.400 988.730 7.497 
131 2 582.030 648.350 732.550 990.980 6.879 
132 2 585.160 642.230 735.620 991.820 6.105 
133 2 590.400 640.580 738.420 993.420 5.251 
134 2 584.660 639.930 733.220 994.050 4.823 
145 2 463.060 644.690 603.320 979.550 2.412 
146 2 447.620 644.950 590.770 979.660 5.434 
147 2 437.820 648.380 584.900 980.340 6.756 
148 2 431.630 650.310 584.750 980.610 7.048 
149 2 427.700 651.670 586.450 981.400 6.771 
150 2 420.590 651.490 584.110 979.710 6.493 
151 2 416.990 653.390 582.160 977.760 6.122 
152 2 410.920 652.060 578.780 976.380 5.866 
153 2 403.580 652.210 571.140 973.890 5.823 
154 2 391.040 648.240 559.960 972.990 6.154 
155 2 373.340 648.070 541.510 974.670 6.758 
156 2 356.050 647.350 523.260 976.000 7.452 
157 2 339.280 644.440 506.150 975.870 8.187 
158 2 324.800 644.660 489.450 973.190 8.842 
159 2 309.890 644.770 473.530 970.870 9.417 
160 2 298.300 642.830 463.800 970.680 9.695 
161 2 291.410 642.780 457.560 969.320 9.628 
162 2 287.830 646.750 454.450 970.820 9.074 
163 2 284.860 649.590 451.780 971.420 8.380 
164 2 282.560 649.980 450.760 971.660 7.666 
165 2 278.370 654.100 447.750 974.420 6.994 
166 2 274.350 657.620 444.410 976.130 6.452 
167 2 269.570 658.240 441.060 977.440 6.027 
168 2 264.010 656.450 434.190 974.610 5.795 
169 2 254.090 653.740 421.410 972.200 5.962 
170 2 245.620 646.080 413.940 973.950 6.193 
171 2 242.370 641.260 407.720 970.030 6.456 
172 2 239.730 646.660 398.150 966.550 6.445 
173 2 228.220 646.110 384.370 969.910 6.559 
174 2 219.310 643.940 373.810 971.830 6.688 
175 2 210.330 640.500 364.810 974.540 6.792 
176 2 203.410 645.760 354.300 972.950 6.782 
177 2 189.460 644.520 341.110 971.660 7.082 
178 2 178.570 644.730 331.190 969.860 7.349 
179 2 172.520 648.790 326.110 967.860 7.275 
180 2 166.450 650.330 322.740 967.790 7.020 
181 2 160.780 650.900 319.540 968.440 6.689 
182 2 157.830 652.420 319.760 970.030 6.166 
183 2 153.720 654.300 316.800 969.310 5.736 
184 2 150.800 653.000 314.970 967.720 5.384 
185 2 141.530 648.510 307.030 967.130 5.457 
186 2 127.270 646.810 292.180 968.900 5.849 
187 2 113.280 642.890 277.200 969.580 6.450 
188 2 102.740 645.350 262.190 970.500 6.844 
189 2 95.180 650.940 248.130 967.550 7.088 
190 2 85.670 653.740 238.220 973.100 7.081 
191 2 73.750 652.120 225.670 970.520 7.318 
192 2 63.110 652.150 214.530 968.870 7.559 
193 2 56.810 653.480 207.390 968.250 7.543 
194 2 48.370 653.960 198.920 966.030 7.559 
195 2 42.900 653.460 194.120 963.880 7.464 
196 2 38.930 655.920 190.950 963.750 7.103 
197 2 34.120 654.830 189.120 965.730 6.666 
198 2 29.410 653.740 187.250 967.800 6.220 
199 2 22.800 652.000 182.700 967.930 5.971 
200 2 16.500 648.700 178.050 966.660 5.919 
201 2 10.020 646.800 171.670 966.180 5.947 
202 2 5.100 648.720 162.350 962.050 6.053 
203 2 0.440 643.500 158.200 962.480 6.160 
204 2 -0.710 644.860 154.480 962.660 5.916 
205 2 0.520 652.680 150.620 964.070 5.242 
206 2 -3.000 649.680 146.360 965.950 4.854 
207 2 -5.530 649.220 141.060 965.330 4.625 
208 2 -8.180 652.350 135.870 967.740 4.320 
209 2 -10.080 656.180 128.610 964.020 4.162 
210 2 -11.130 658.950 123.980 963.940 3.953 
211 2 -13.500 653.960 119.280 959.920 4.034 
212 2 -13.770 652.070 116.590 958.430 4.052 
213 2 -11.280 659.970 113.990 958.560 3.566 
214 2 -12.450 656.260 112.190 959.310 3.295 
215 2 -15.170 650.920 107.420 956.960 3.502 
216 2 -18.000 654.830 87.880 929.710 5.512 
217 2 -18.960 661.220 80.680 930.160 5.704 
218 2 -20.940 667.480 74.630 938.550 4.735 
219 2 -20.210 669.700 71.260 941.650 3.955 
220 2 -21.040 667.790 68.110 947.540 1.977 
221 2 -24.490 669.040 64.170 947.330 0.989 
4 3 1496.720 652.740 1536.180 763.000 1.000 
5 3 1498.200 652.160 1537.530 762.240 0.500 
6 3 1499.320 651.980 1538.670 761.990 0.250 
7 3 1500.610 650.500 1540.170 761.210 0.125 
8 3 1501.060 649.300 1541.290 762.350 0.062 
9 3 1502.540 648.210 1543.000 762.760 0.031 
10 3 1503.760 648.510 1544.220 763.600 0.016 
11 3 1505.190 648.650 1545.610 763.910 0.008 
12 3 1506.480 648.730 1546.600 763.350 0.004 
13 3 1507.920 650.780 1547.250 763.140 0.002 
14 3 1509.160 650.230 1548.700 763.050 0.001 
15 3 1510.720 651.360 1550.030 763.020 0.000 
16 3 1512.750 653.130 1552.330 764.340 0.000 
17 3 1513.970 652.450 1554.620 766.170 0.000 
18 3 1514.720 651.540 1555.760 765.520 0.000 
19 3 1515.630 651.840 1556.770 765.260 0.000 
20 3 1516.490 652.620 1557.850 766.480 0.000 
21 3 1517.510 651.590 1558.790 765.610 0.000 
22 3 1517.850 650.540 1559.750 766.590 0.000 
23 3 1518.080 650.140 1559.930 766.290 0.000 
24 3 1518.510 649.340 1560.220 766.170 0.000 
25 3 1519.130 649.040 1560.460 765.460 0.000 
26 3 1518.770 646.950 1561.060 767.820 0.000 
27 3 1519.290 650.080 1559.940 768.050 0.000 
28 3 1521.810 648.020 1560.400 760.840 0.000 
29 3 1522.650 647.740 1561.170 760.350 0.000 
37 3 1531.920 645.980 1572.790 767.590 0.000 
38 3 1532.190 646.580 1572.780 768.650 0.000 
39 3 1532.540 646.800 1573.150 769.680 0.000 
40 3 1532.490 645.580 1573.410 769.400 0.000 
41 3 1533.980 645.770 1574.550 769.930 0.000 
42 3 1535.920 647.820 1575.520 769.460 0.000 
43 3 1536.560 648.620 1575.900 769.930 0.000 
44 3 1537.840 649.570 1576.930 770.090 0.000 
45 3 1539.680 651.250 1578.530 770.140 0.000 
46 3 1541.590 651.870 1580.490 770.140 0.000 
47 3 1542.590 651.430 1581.530 769.470 0.000 
48 3 1542.520 650.580 1582.280 771.860 0.000 
49 3 1543.360 650.920 1582.940 771.440 0.000 
50 3 1544.000 650.380 1584.100 771.920 0.000 
51 3 1545.190 650.170 1585.500 771.430 0.000 
52 3 1546.650 648.760 1586.910 769.250 0.000 
53 3 1548.350 648.230 1588.880 769.080 0.000 
54 3 1549.370 647.370 1589.800 767.690 0.000 
55 3 1550.260 646.390 1591.550 768.500 0.000 
56 3 1550.960 645.380 1593.740 771.430 0.000 
57 3 1551.980 645.650 1595.700 773.190 0.000 
58 3 1553.700 645.120 1598.290 774.520 0.000 
59 3 1555.300 645.580 1599.570 773.700 0.000 
60 3 1557.720 645.770 1601.430 771.390 0.000 
61 3 1558.790 645.850 1602.540 771.160 0.000 
62 3 1559.290 645.230 1603.420 771.740 0.000 
63 3 1559.720 645.000 1604.070 771.950 0.000 
64 3 1559.520 644.920 1604.580 774.000 0.000 
65 3 1560.170 644.250 1605.280 774.120 0.000 
66 3 1561.380 644.650 1606.470 774.800 0.000 
67 3 1562.780 645.470 1607.220 774.390 0.000 
68 3 1564.170 645.130 1608.540 774.230 0.000 
69 3 1566.500 645.670 1609.790 773.490 0.000 
70 3 1568.360 645.870 1610.520 771.220 0.000 
71 3 1571.470 645.950 1612.290 767.030 0.000 
72 3 1571.960 643.300 1614.850 770.850 0.000 
73 3 1573.630 641.690 1618.150 773.530 0.000 
74 3 1575.110 641.080 1620.450 774.560 0.000 
75 3 1576.120 640.210 1622.750 775.610 0.000 
76 3 1580.190 641.200 1628.320 777.960 0.000 
77 3 1582.460 642.900 1631.590 778.840 0.000 
78 3 1585.010 646.200 1634.290 779.160 0.000 
79 3 1585.310 646.800 1635.170 779.250 0.000 
80 3 1586.080 646.360 1636.680 779.270 0.000 
81 3 1587.370 645.520 1638.750 779.250 0.000 
82 3 1588.700 645.200 1640.540 779.230 0.000 
83 3 1590.870 645.730 1642.040 778.550 0.000 
84 3 1592.550 645.940 1642.940 777.610 0.000 
85 3 1593.450 642.030 1644.860 778.580 0.000 
86 3 1594.120 637.980 1646.470 779.580 0.000 
87 3 1595.600 637.080 1647.690 780.610 0.000 
88 3 1597.200 636.760 1648.970 781.650 0.000 
89 3 1599.590 637.320 1650.180 780.730 0.000 
90 3 1602.130 638.880 1651.520 780.350 0.000 
91 3 1604.860 639.490 1654.100 781.520 0.000 
92 3 1606.100 640.390 1655.390 783.270 0.000 
93 3 1607.530 644.030 1656.120 784.570 0.000 
94 3 1608.740 646.090 1656.900 785.050 0.000 
95 3 1610.610 646.180 1658.970 784.540 0.000 
96 3 1612.670 646.870 1660.920 785.000 0.000 
97 3 1613.670 646.440 1661.970 784.490 0.000 
98 3 1615.390 646.270 1663.540 782.960 0.000 
99 3 1616.260 644.860 1665.110 782.360 0.000 
100 3 1618.390 643.000 1667.750 782.140 0.000 
101 3 1620.180 641.640 1670.280 782.050 0.000 
102 3 1621.470 641.130 1672.480 783.340 0.000 
103 3 1623.320 640.950 1674.460 783.820 0.000 
104 3 1624.920 641.550 1676.810 785.970 0.000 
105 3 1627.290 642.440 1679.760 787.440 0.000 
106 3 1629.980 642.130 1684.220 789.290 0.000 
107 3 1633.570 642.670 1689.090 789.980 0.000 
108 3 1636.270 646.820 1692.760 792.190 1.562 
109 3 1637.080 648.400 1694.190 791.680 2.296 
110 3 1636.750 645.660 1695.840 791.450 1.148 
111 3 1637.650 643.320 1698.590 792.010 0.574 
112 3 1639.010 641.770 1701.090 792.860 0.287 
113 3 1641.680 640.530 1703.670 791.850 0.143 
114 3 1644.240 638.750 1706.250 791.440 0.072 
115 3 1647.560 638.740 1708.670 791.270 0.036 
116 3 1649.260 638.100 1710.300 793.160 0.018 
117 3 1651.480 637.870 1711.170 792.560 0.009 
118 3 1653.470 637.800 1712.150 793.630 0.004 
119 3 1655.840 638.450 1712.080 790.740 0.002 
120 3 1658.730 640.040 1711.870 785.630 0.001 
121 3 1660.180 640.660 1713.930 789.750 0.001 
122 3 1663.070 641.540 1718.160 795.200 0.000 
123 3 1665.220 642.520 1720.550 797.260 0.000 
124 3 1668.760 643.560 1723.180 796.050 0.000 
125 3 1669.930 645.270 1724.850 798.870 0.000 
126 3 1672.520 643.920 1727.780 798.580 0.000 
127 3 1674.380 643.400 1729.850 799.100 0.000 
128 3 1675.620 644.510 1730.580 799.270 0.000 
129 3 1677.650 644.260 1733.100 799.970 0.000 
130 3 1678.090 641.530 1734.880 800.210 0.000 
131 3 1679.910 640.490 1737.050 798.970 0.000 
132 3 1684.860 640.750 1741.350 796.500 0.000 
133 3 1687.430 640.860 1744.130 796.200 0.000 
134 3 1688.850 640.910 1746.530 798.070 0.000 
135 3 1688.900 638.960 1748.430 800.080 0.000 
136 3 1688.940 639.530 1748.980 801.490 0.000 
137 3 1690.340 640.420 1750.260 801.360 0.000 
138 3 1692.290 642.750 1751.160 800.630 0.000 
139 3 1694.550 644.290 1753.140 800.330 0.000 
140 3 1696.580 646.860 1754.540 800.200 0.000 
141 3 1698.990 647.140 1756.600 798.810 0.000 
142 3 1700.930 646.560 1759.520 800.290 0.000 
143 3 1703.080 643.680 1763.010 800.830 0.000 
144 3 1706.000 643.240 1766.030 800.370 0.000 
145 3 1707.610 640.440 1768.500 800.180 0.000 
146 3 1709.310 639.380 1770.160 800.110 0.000 
147 3 1711.190 637.680 1772.030 800.080 0.000 
148 3 1713.030 637.700 1773.430 800.710 0.000 
149 3 1715.250 637.730 1774.910 800.300 0.000 
150 3 1716.880 641.060 1775.200 800.130 0.000 
151 3 1718.360 640.340 1776.260 799.400 0.000 
152 3 1720.720 640.080 1778.690 801.110 0.000 
153 3 1722.770 641.960 1780.290 803.070 0.000 
154 3 1723.880 642.680 1781.080 803.810 0.000 
155 3 1724.500 643.610 1781.690 805.390 0.000 
156 3 1727.300 644.610 1783.180 804.000 0.000 
157 3 1729.650 645.640 1784.980 804.110 0.000 
158 3 1733.770 648.010 1787.580 802.150 0.000 
159 3 1735.800 648.630 1789.400 802.200 0.000 
163 3 1743.280 643.670 1797.690 800.200 0.000 
164 3 1744.800 644.560 1798.780 799.330 0.000 
165 3 1745.340 642.860 1800.440 800.360 0.000 
166 3 1746.990 643.560 1803.450 802.720 0.000 
167 3 1748.280 644.480 1805.770 803.620 0.000 
168 3 1750.110 644.840 1809.120 805.270 0.000 
169 3 1751.160 646.940 1810.550 805.890 0.000 
170 3 1751.920 647.080 1811.900 806.110 0.000 
171 3 1753.300 647.120 1813.820 806.830 0.000 
172 3 1755.880 647.790 1816.310 807.090 0.000 
173 3 1757.050 648.030 1817.590 807.170 0.000 
174 3 1759.480 648.770 1819.900 805.870 0.000 
175 3 1761.350 646.380 1822.330 804.690 0.000 
176 3 1763.490 646.140 1824.320 804.910 0.000 
177 3 1764.320 642.750 1826.220 804.990 0.000 
178 3 1765.920 640.820 1828.800 806.330 0.000 
179 3 1767.080 639.450 1830.430 807.490 0.000 
180 3 1769.710 637.630 1833.290 807.930 0.000 
181 3 1772.240 637.610 1835.350 808.090 0.000 
182 3 1775.240 641.570 1835.930 806.170 0.000 
183 3 1776.400 642.460 1837.280 808.740 0.000 
184 3 1777.960 644.100 1837.860 809.030 0.000 
185 3 1779.750 645.390 1838.710 809.120 0.000 
186 3 1782.350 649.850 1838.950 807.160 0.000 
187 3 1783.760 647.490 1841.130 808.410 0.000 
188 3 1785.970 643.990 1844.110 808.210 0.000 
189 3 1788.260 643.310 1846.290 808.120 0.000 
190 3 1789.680 640.420 1849.070 809.400 0.000 
191 3 1790.280 637.380 1850.590 808.570 0.000 
192 3 1792.360 633.610 1853.100 806.280 1.896 
193 3 1795.080 632.190 1855.930 805.400 3.003 
194 3 1799.200 633.010 1859.050 803.100 3.666 
195 3 1801.850 630.720 1862.950 804.880 3.960 
196 3 1803.770 629.240 1865.330 804.900 4.129 
197 3 1805.610 631.330 1865.620 800.320 4.318 
198 3 1807.390 630.860 1869.100 803.240 4.017 
199 3 1809.440 632.020 1872.810 806.940 2.009 
200 3 1813.890 634.450 1877.610 809.010 1.004 
201 3 1816.580 634.740 1881.570 811.120 0.502 
202 3 1816.800 635.520 1882.370 811.900 0.251 
203 3 1818.120 634.500 1884.540 812.170 0.126 
204 3 1821.040 633.460 1888.670 812.910 0.063 
205 3 1824.710 632.420 1893.420 814.480 0.031 
206 3 1826.210 631.380 1894.960 813.100 0.016 
207 3 1827.910 630.330 1897.490 814.510 0.008 
208 3 1827.970 628.640 1898.870 816.990 0.004 
209 3 1829.710 626.710 1900.130 814.660 0.002 
210 3 1832.820 625.990 1902.580 813.730 0.001 
211 3 1837.380 627.060 1905.880 814.010 0.000 
212 3 1839.840 627.490 1907.550 814.770 0.000 
213 3 1843.200 628.330 1909.510 813.730 0.000 
214 3 1846.280 629.330 1911.570 813.980 0.000 
215 3 1848.510 631.040 1912.420 813.400 0.000 
216 3 1850.710 631.690 1914.490 815.170 0.000 
217 3 1852.640 631.930 1915.990 815.160 0.000 
218 3 1854.600 632.020 1917.790 815.150 0.000 
219 3 1855.280 632.050 1918.350 815.130 0.000 
220 3 1857.380 632.710 1919.860 815.780 0.000 
221 3 1859.650 631.640 1922.100 816.670 0.000 
222 3 1861.000 629.910 1923.620 817.660 0.000 
223 3 1863.140 627.950 1925.050 816.710 0.000 
224 3 1865.760 627.200 1926.270 815.670 0.000 
225 3 1867.510 625.620 1927.150 815.930 0.000 
226 3 1869.240 625.030 1927.590 816.020 0.000 
227 3 1870.060 624.830 1927.450 817.370 0.000 
228 3 1871.730 624.770 1927.880 818.530 0.000 
229 3 1872.960 622.800 1927.990 818.960 0.000 
230 3 1876.040 624.030 1928.580 817.800 0.000 
231 3 1879.070 627.170 1928.810 817.340 0.000 
232 3 1882.630 631.030 1929.020 816.490 0.000 
233 3 1885.270 630.470 1929.660 816.170 0.000 
234 3 1887.070 627.600 1929.630 814.730 0.000 
235 3 1888.520 626.520 1929.390 815.510 0.000 
236 3 1891.750 626.110 1929.810 811.850 0.000 
237 3 1892.390 628.630 1929.100 816.450 0.000 
238 3 1893.670 628.720 1930.380 816.550 0.000 
4 4 1443.030 653.190 1478.370 764.210 1.000 
5 4 1444.240 652.880 1479.540 763.930 0.500 
6 4 1445.230 651.350 1480.690 763.130 2.145 
7 4 1445.670 650.860 1481.590 764.310 1.073 
8 4 1446.870 650.040 1482.850 764.050 0.536 
9 4 1447.490 648.400 1483.730 763.970 1.799 
10 4 1447.800 647.830 1484.560 765.290 0.899 
11 4 1447.730 647.660 1484.970 766.460 0.450 
12 4 1448.710 650.290 1485.390 766.230 0.225 
13 4 1449.630 649.990 1486.930 767.470 0.112 
14 4 1450.740 649.890 1487.990 767.260 0.056 
15 4 1451.810 650.520 1489.010 767.170 0.028 
16 4 1453.460 652.770 1490.730 767.790 0.014 
17 4 1453.330 654.290 1491.380 769.340 0.007 
18 4 1453.510 656.180 1491.990 769.910 0.004 
19 4 1451.790 656.880 1491.270 770.780 0.002 
20 4 1452.580 657.780 1492.170 769.760 0.001 
21 4 1452.250 656.100 1493.080 769.350 0.000 
22 4 1451.890 656.130 1493.620 769.850 0.000 
23 4 1453.980 655.470 1496.170 769.370 0.000 
24 4 1455.860 654.550 1498.660 769.850 0.000 
25 4 1458.010 654.190 1500.720 770.020 0.000 
26 4 1459.700 652.740 1502.540 770.070 0.000 
27 4 1460.600 651.540 1503.560 770.090 0.000 
28 4 1462.430 653.060 1504.340 768.780 0.000 
29 4 1464.040 653.650 1505.620 768.260 0.000 
30 4 1465.840 656.530 1506.810 769.400 0.000 
31 4 1466.600 655.610 1508.410 771.160 0.000 
32 4 1467.820 655.270 1509.970 772.460 0.000 
33 4 1469.350 655.130 1510.720 772.290 0.000 
34 4 1470.510 655.210 1511.970 772.620 0.000 
11 5 1816.520 655.670 1863.970 746.130 1.000 
12 5 1817.490 654.230 1867.020 748.590 0.500 
13 5 1818.610 654.490 1867.840 747.940 0.250 
14 5 1821.010 654.650 1870.180 748.300 0.125 
15 5 1822.500 653.350 1872.320 749.070 0.062 
16 5 1825.390 652.910 1874.680 748.640 0.031 
17 5 1829.250 651.420 1878.690 749.100 0.016 
18 5 1832.460 651.560 1880.930 748.590 0.008 
19 5 1834.520 651.640 1883.410 750.360 0.004 
20 5 1837.330 651.700 1886.110 751.010 0.002 
21 5 1840.330 652.400 1888.330 750.570 0.001 
22 5 1842.730 654.020 1889.700 749.700 0.000 
23 5 1845.990 655.980 1892.330 749.350 0.000 
24 5 1847.640 657.380 1894.020 749.880 0.000 
25 5 1848.710 657.890 1895.350 750.060 0.000 
26 5 1848.890 658.070 1896.550 751.450 0.000 
27 5 1849.580 657.470 1898.220 751.960 0.000 
28 5 1850.120 655.910 1899.750 752.130 0.000 
29 5 1852.240 655.310 1902.210 752.840 0.000 
30 5 1855.520 655.090 1904.490 751.790 0.000 
31 5 1859.010 654.340 1907.580 752.020 0.000 
32 5 1863.230 652.750 1911.630 752.100 0.000 
33 5 1867.170 652.810 1914.600 751.470 0.000 
34 5 1869.850 652.840 1917.020 751.870 0.000 
35 5 1871.550 652.210 1918.390 751.360 0.000 
36 5 1872.450 651.980 1919.130 751.820 0.000 
37 5 1874.590 651.900 1921.380 752.650 0.000 
38 5 1875.920 651.880 1922.230 752.300 0.000 
39 5 1876.800 651.880 1922.660 752.160 0.000 
40 5 1878.180 652.550 1922.940 751.440 0.000 
41 5 1878.990 652.150 1923.260 751.160 0.000 
42 5 1880.270 653.320 1923.600 751.720 0.000 
43 5 1881.740 654.440 1923.940 751.930 0.000 
44 5 1885.830 657.510 1925.050 750.670 0.000 
45 5 1889.570 661.360 1925.150 748.850 0.000 
46 5 1892.990 666.180 1925.700 749.550 1.549 
47 5 1896.120 669.220 1926.590 750.500 2.758 
48 5 1899.110 669.570 1929.680 756.980 4.182 
49 5 1901.110 670.990 1931.500 757.850 4.885 
11 6 1365.290 664.730 1380.700 716.000 1.000 
12 6 1364.890 665.690 1380.300 716.760 0.500 
13 6 1364.740 665.990 1380.210 717.010 0.250 
14 6 1364.440 666.800 1379.730 717.070 0.125 
15 6 1364.460 664.950 1380.170 716.380 0.062 
16 6 1363.790 662.240 1380.320 716.130 0.031 
17 6 1363.710 662.580 1380.230 716.040 0.016 
18 6 1363.440 663.410 1379.770 716.000 0.008 
19 6 1362.860 664.410 1378.750 714.650 0.004 
20 6 1360.910 662.750 1377.400 714.820 0.002 
21 6 1360.490 664.150 1376.650 714.890 0.001 
22 6 1359.190 662.020 1376.210 715.590 0.000 
23 6 1357.610 661.900 1374.560 714.550 0.000 
24 6 1356.310 659.880 1373.990 714.800 0.000 
25 6 1355.560 659.790 1373.420 715.550 0.000 
26 6 1355.040 661.080 1372.830 715.840 0.000 
27 6 1353.780 662.260 1371.750 716.620 0.000 
28 6 1352.960 662.710 1371.070 716.250 0.000 
29 6 1352.950 666.210 1369.910 715.440 0.000 
30 6 1352.840 667.540 1369.680 715.130 0.000 
31 6 1352.590 668.000 1369.170 715.020 0.000 
32 6 1352.080 668.470 1368.470 714.940 0.000 
33 6 1351.040 668.190 1368.030 715.770 0.000 
34 6 1350.300 668.180 1367.640 715.940 0.000 
35 6 1349.490 667.500 1367.410 715.990 0.000 
36 6 1348.850 667.240 1367.050 715.350 0.000 
37 6 1348.930 667.800 1366.640 714.440 0.000 
38 6 1347.860 666.660 1366.290 715.450 0.000 
39 6 1347.720 666.240 1365.940 714.500 0.000 
40 6 1347.110 664.760 1365.760 714.130 0.000 
41 6 1347.100 665.510 1365.500 714.000 0.000 
42 6 1346.760 666.480 1364.460 712.630 0.000 
43 6 1346.180 664.820 1364.570 712.120 0.000 
44 6 1345.740 664.670 1364.070 711.820 0.000 
62 6 1334.700 665.970 1353.350 712.950 0.000 
63 6 1334.550 666.010 1353.080 712.990 0.000 
64 6 1334.520 664.690 1353.650 712.350 0.000 
65 6 1333.440 662.880 1353.640 712.100 0.000 
66 6 1333.360 662.200 1354.000 712.010 0.000 
67 6 1333.300 662.610 1354.200 712.640 0.000 
68 6 1332.700 663.430 1353.570 712.220 0.000 
69 6 1332.500 663.760 1353.330 712.060 0.000 
70 6 1331.470 663.890 1352.240 711.340 0.000 
71 6 1331.140 664.610 1351.800 711.070 0.000 
72 6 1330.720 663.540 1351.980 710.980 0.000 
73 6 1330.780 663.150 1352.500 711.600 0.000 
74 6 1329.660 662.350 1351.910 711.850 0.000 
75 6 1328.880 660.740 1352.060 711.940 0.000 
76 6 1328.420 660.380 1351.760 711.940 0.000 
40 10 4.670 654.230 35.340 923.700 1.000 
41 10 4.850 643.620 38.870 940.130 0.500 
42 10 4.310 646.340 43.350 984.550 8.812 
43 10 5.880 648.820 47.090 1000.320 13.257 
44 10 11.570 649.420 55.160 1007.670 14.910 
45 10 17.910 649.770 64.550 1009.770 14.987 
46 10 24.780 649.350 76.030 1011.860 14.404 
47 10 28.910 647.940 85.270 1011.480 13.344 
48 10 31.150 647.460 93.110 1012.150 12.239 
49 10 30.940 648.640 97.530 1008.730 11.004 
50 10 29.440 648.510 100.900 1006.980 9.751 
51 10 29.320 647.840 106.680 1008.640 8.770 
52 10 26.520 646.960 108.750 1008.380 7.759 
53 10 24.060 649.290 109.970 1007.380 6.950 
54 10 22.000 647.580 111.930 1006.100 6.017 
55 10 19.740 643.010 114.610 1007.420 5.062 
56 10 18.340 643.920 117.320 1010.400 4.603 
57 10 19.670 643.000 122.870 1012.710 4.320 
58 10 25.480 640.720 131.980 1010.840 3.972 
59 10 32.380 639.230 141.770 1011.950 3.876 
60 10 39.620 638.700 151.820 1013.580 3.993 
61 10 48.740 642.470 162.150 1013.450 4.359 
62 10 54.920 641.980 171.010 1015.260 4.626 
63 10 60.250 642.470 177.610 1016.530 4.795 
64 10 63.890 642.680 182.080 1016.260 4.767 
65 10 68.720 639.480 189.170 1016.080 4.605 
66 10 74.820 638.940 197.090 1015.290 4.530 
67 10 79.930 638.760 204.160 1014.260 4.471 
68 10 84.000 643.330 208.270 1011.840 4.445 
69 10 88.320 641.770 215.880 1014.190 4.460 
70 10 92.260 645.800 220.670 1015.040 4.569 
71 10 95.570 644.700 226.190 1017.310 4.582 
72 10 99.470 641.640 231.190 1016.160 4.383 
73 10 104.790 640.480 236.770 1016.340 4.258 
74 10 110.710 638.730 242.490 1016.370 4.174 
75 10 117.050 638.080 248.100 1015.700 4.137 
76 10 123.380 636.540 254.460 1017.400 4.164 
77 10 130.400 633.340 260.410 1014.080 4.143 
78 10 139.810 630.830 270.020 1014.760 4.290 
79 10 147.460 630.580 277.050 1016.330 4.438 
80 10 155.180 635.780 280.380 1009.680 4.501 
81 10 162.610 634.480 289.250 1013.780 4.655 
82 10 171.110 635.340 298.940 1014.640 4.885 
83 10 178.960 635.680 309.380 1015.610 5.134 
84 10 185.110 637.140 318.220 1015.980 5.320 
85 10 187.890 638.360 322.550 1013.460 5.244 
86 10 189.510 640.810 327.040 1016.470 5.169 
87 10 192.380 639.740 333.260 1015.610 4.998 
88 10 193.400 638.000 337.850 1014.620 4.710 
89 10 196.270 637.990 344.580 1014.890 4.534 
90 10 197.340 639.320 346.710 1014.340 4.290 
91 10 198.540 635.840 350.250 1014.780 3.995 
92 10 204.870 628.610 359.180 1013.630 3.927 
93 10 210.570 625.890 366.140 1015.160 3.940 
94 10 218.150 630.140 371.540 1017.060 4.024 
95 10 228.470 629.830 380.260 1017.120 4.240 
96 10 240.400 627.760 390.270 1017.130 4.547 
97 10 252.430 631.610 396.630 1011.870 4.828 
98 10 261.140 633.110 403.660 1015.830 5.083 
99 10 270.060 630.380 412.700 1018.630 5.294 
100 10 279.020 629.350 421.870 1022.960 5.526 
101 10 286.490 627.660 428.650 1021.970 5.587 
102 10 294.400 629.000 436.140 1022.870 5.667 
103 10 302.570 629.540 444.460 1021.870 5.737 
104 10 307.570 629.750 449.750 1020.140 5.655 
105 10 314.760 630.500 459.100 1021.460 5.689 
106 10 319.680 628.810 466.480 1021.940 5.632 
107 10 324.150 632.790 471.400 1025.410 5.629 
108 10 325.250 631.010 473.950 1026.700 5.380 
109 10 330.960 630.330 477.700 1024.530 5.122 
110 10 339.060 629.420 484.580 1025.660 5.043 
111 10 349.670 628.420 493.000 1024.750 5.105 
112 10 360.390 626.730 500.880 1020.430 5.201 
113 10 369.040 625.440 509.320 1025.390 5.338 
114 10 379.570 623.660 518.540 1025.940 5.508 
115 10 390.080 624.310 526.840 1026.130 5.687 
116 10 397.150 621.950 532.940 1024.210 5.706 
117 10 405.400 622.400 540.300 1022.150 5.732 
118 10 414.180 622.590 550.060 1020.700 5.822 
119 10 420.760 624.010 559.800 1022.140 5.900 
120 10 426.740 627.210 569.300 1022.700 5.975 
121 10 431.700 629.750 579.500 1022.900 6.039 
122 10 432.790 630.700 586.150 1023.650 5.921 
123 10 429.440 632.370 587.870 1025.250 5.559 
124 10 430.410 632.320 593.680 1025.840 5.241 
125 10 427.830 631.610 594.360 1024.730 4.735 
126 10 428.070 631.330 596.920 1024.960 4.304 
127 10 431.730 631.870 601.850 1023.720 4.048 
128 10 438.420 631.400 610.590 1025.240 4.052 
129 10 449.060 631.880 619.930 1023.820 4.243 
130 10 458.870 630.060 629.180 1025.260 4.491 
131 10 471.180 628.710 638.780 1025.150 4.804 
132 10 486.540 625.560 651.040 1025.090 5.242 
133 10 505.760 625.700 666.780 1027.050 5.890 
134 10 532.280 623.130 692.450 1022.510 6.940 
135 10 543.520 623.490 705.630 1026.070 7.539 
136 10 535.220 624.310 698.040 1030.040 7.085 
137 10 536.700 629.890 697.680 1031.540 6.613 
138 10 547.910 631.380 709.310 1031.420 6.534 
139 10 556.140 628.620 720.990 1035.980 6.561 
140 10 573.060 626.260 735.960 1031.760 6.805 
141 10 590.290 625.360 744.080 1013.600 7.170 
142 10 600.070 625.080 753.370 1012.060 7.364 
148 10 660.620 625.860 775.130 918.580 3.682 
149 10 652.700 625.950 791.660 995.190 5.212 
150 10 660.860 626.590 802.200 1014.660 6.565 
151 10 669.120 621.720 812.400 1028.530 7.371 
152 10 678.600 617.860 820.550 1031.930 7.597 
153 10 689.040 614.420 829.990 1031.120 7.520 
154 10 701.820 617.010 843.160 1031.260 7.614 
155 10 716.700 620.680 861.180 1030.490 7.916 
156 10 722.590 620.790 871.110 1028.720 7.896 
157 10 729.170 622.160 882.970 1027.930 7.834 
158 10 730.720 624.660 890.340 1028.180 7.615 
159 10 727.230 624.290 894.500 1034.120 7.226 
160 10 728.530 624.800 900.780 1031.690 6.765 
161 10 727.760 623.010 903.780 1028.000 6.129 
162 10 728.210 622.990 906.900 1027.180 5.569 
163 10 733.510 621.660 914.340 1027.480 5.257 
164 10 740.150 619.850 922.590 1029.530 5.134 
165 10 751.100 619.830 932.610 1029.610 5.229 
166 10 761.040 617.850 942.010 1031.560 5.378 
167 10 775.580 615.150 953.340 1030.950 5.667 
168 10 790.480 612.830 964.840 1031.980 6.026 
169 10 808.610 612.630 977.170 1033.000 6.484 
170 10 824.550 610.620 988.630 1034.660 6.892 
171 10 838.910 611.850 997.130 1032.630 7.181 
172 10 848.650 613.020 1003.910 1033.790 7.260 
173 10 862.970 612.830 1019.490 1034.860 7.515 
174 10 871.690 614.090 1029.930 1035.890 7.617 
175 10 880.090 615.250 1041.200 1035.590 7.657 
176 10 884.020 620.980 1047.230 1037.430 7.501 
177 10 887.880 624.480 1054.930 1038.750 7.301 
178 10 892.630 623.120 1065.070 1037.230 7.084 
179 10 897.010 623.900 1074.210 1037.290 6.880 
180 10 902.070 623.510 1082.820 1037.290 6.687 
181 10 907.300 620.700 1088.690 1036.610 6.447 
182 10 913.840 616.980 1094.960 1036.330 6.254 
183 10 923.290 618.210 1100.290 1036.210 6.132 
184 10 937.080 613.400 1109.970 1034.180 6.277 
185 10 951.970 610.280 1121.800 1037.350 6.541 
186 10 965.150 608.470 1131.270 1039.860 6.754 
187 10 976.230 607.160 1138.000 1041.460 6.840 
188 10 989.460 604.070 1147.290 1038.110 7.042 
189 10 1003.810 604.250 1159.220 1036.810 7.305 
190 10 1020.510 608.990 1176.830 1038.950 7.659 
191 10 1033.350 613.460 1192.050 1039.750 7.953 
192 10 1046.120 621.790 1205.590 1036.730 8.204 
193 10 1053.410 617.570 1219.930 1036.240 8.323 
194 10 1056.070 616.000 1229.210 1038.710 8.146 
195 10 1053.590 618.030 1230.770 1037.000 7.599 
196 10 1057.710 621.450 1237.980 1037.670 7.165 
197 10 1063.680 625.370 1248.160 1039.910 6.920 
198 10 1062.950 620.180 1252.270 1038.090 6.484 
199 10 1066.500 621.500 1257.320 1038.720 6.105 
200 10 1078.500 622.650 1265.130 1030.350 6.083 
201 10 1082.530 616.390 1272.570 1036.530 5.956 
202 10 1093.930 614.090 1282.730 1040.770 5.992 
203 10 1105.790 611.910 1289.690 1039.110 6.112 
204 10 1121.280 609.770 1301.150 1042.410 6.360 
205 10 1138.400 607.680 1314.650 1047.580 6.700 
206 10 1152.680 604.300 1325.800 1052.140 6.972 
207 10 1167.080 604.990 1334.810 1050.580 7.198 
208 10 1181.790 602.030 1348.020 1049.270 7.514 
209 10 1196.200 604.220 1363.170 1051.360 7.791 
210 10 1207.980 605.760 1376.970 1049.490 8.021 
211 10 1216.960 608.360 1388.720 1048.740 8.097 
212 10 1219.940 608.030 1394.690 1045.780 7.918 
213 10 1228.080 614.540 1404.320 1045.320 7.720 
214 10 1230.130 616.340 1411.420 1045.800 7.376 
215 10 1231.620 619.650 1413.290 1040.670 6.906 
216 10 1238.270 611.510 1428.440 1046.080 6.777 
217 10 1247.580 609.170 1441.810 1050.030 6.786 
218 10 1254.730 604.340 1449.870 1050.880 6.770 
219 10 1257.550 602.520 1452.180 1051.180 6.523 
220 10 1266.200 601.850 1457.930 1051.270 6.360 
221 10 1287.780 597.690 1476.060 1054.570 6.736 
222 10 1303.730 594.180 1488.310 1059.070 7.068 
223 10 1320.640 594.200 1499.790 1060.760 7.367 
224 10 1336.070 595.570 1508.910 1057.430 7.630 
225 10 1349.660 594.170 1519.000 1054.780 7.885 
226 10 1365.620 595.000 1536.260 1057.050 8.178 
227 10 1378.590 595.360 1551.500 1055.920 8.452 
228 10 1388.460 600.140 1562.680 1054.800 8.492 
229 10 1394.470 600.660 1572.940 1054.360 8.378 
230 10 1398.140 602.840 1581.160 1054.850 8.070 
231 10 1400.870 604.330 1589.340 1058.340 7.644 
232 10 1404.480 604.880 1598.970 1060.960 7.268 
233 10 1407.430 606.400 1606.880 1062.580 6.896 
234 10 1407.120 603.650 1611.220 1063.170 6.438 
235 10 1408.730 601.950 1615.760 1061.380 6.039 
236 10 1414.680 601.290 1622.700 1063.970 5.763 
237 10 1422.450 599.080 1627.800 1060.970 5.654 
238 10 1433.050 599.560 1633.360 1059.800 5.637 
239 10 1448.350 601.740 1642.750 1060.010 5.784 
240 10 1465.410 600.590 1654.250 1061.400 6.104 
241 10 1480.900 600.810 1664.090 1063.890 6.377 
242 10 1493.750 598.930 1673.990 1068.120 6.562 
243 10 1506.780 602.810 1680.740 1065.750 6.671 
244 10 1521.050 605.640 1691.750 1066.130 6.823 
245 10 1540.690 605.370 1712.650 1068.230 7.296 
246 10 1555.700 605.250 1730.620 1069.000 7.750 
247 10 1569.070 605.850 1747.350 1066.620 8.158 
248 10 1576.630 606.730 1758.200 1063.040 8.319 
249 10 1584.080 609.700 1769.980 1062.340 8.287 
250 10 1585.230 613.450 1777.800 1069.390 7.843 
251 10 1584.490 615.490 1781.780 1070.690 7.251 
252 10 1586.710 618.860 1787.230 1066.520 6.750 
253 10 1585.870 615.420 1792.120 1065.580 6.265 
254 10 1581.960 611.460 1792.980 1065.890 5.679 
255 10 1587.380 613.900 1799.690 1067.980 5.288 
256 10 1593.570 610.180 1806.790 1066.120 5.170 
257 10 1598.670 606.790 1811.460 1068.050 5.052 
258 10 1610.330 600.910 1819.450 1064.830 5.344 
259 10 1621.400 597.370 1826.510 1064.910 5.642 
260 10 1633.510 594.740 1833.900 1065.600 5.905 
261 10 1642.800 597.730 1834.120 1060.610 5.973 
262 10 1652.260 595.620 1839.540 1064.010 5.920 
263 10 1664.430 603.410 1844.970 1067.260 5.651 
264 10 1677.700 603.780 1855.000 1069.160 5.642 
265 10 1692.190 600.620 1869.830 1071.190 5.928 
266 10 1706.940 601.400 1885.310 1072.590 6.285 
267 10 1717.510 603.030 1895.440 1071.120 6.514 
268 10 1723.230 603.000 1900.780 1069.880 6.509 
269 10 1727.440 601.670 1905.980 1069.390 6.377 
270 10 1730.670 601.170 1910.270 1070.520 6.102 
271 10 1733.220 603.620 1911.890 1070.280 5.686 
272 10 1734.400 607.870 1910.990 1069.510 5.137 
273 10 1734.220 608.140 1910.020 1067.890 4.608 
274 10 1736.380 610.210 1910.930 1064.620 4.206 
275 10 1734.500 604.310 1911.490 1064.070 3.924 
276 10 1733.490 601.440 1911.690 1065.190 3.615 
277 10 1736.470 602.340 1911.360 1061.020 3.453 
278 10 1738.530 597.390 1914.600 1063.430 3.384 
279 10 1743.770 595.560 1919.000 1063.680 3.414 
280 10 1749.650 598.180 1922.420 1066.430 3.233 
281 10 1756.770 596.570 1927.770 1068.140 3.218 
282 10 1767.270 594.670 1934.870 1068.120 3.438 
283 10 1775.740 595.940 1939.340 1071.400 3.481 
284 10 1782.420 595.800 1940.510 1067.370 3.582 
285 10 1786.580 595.100 1941.580 1070.450 3.467 
286 10 1791.790 598.810 1940.660 1067.650 3.296 
287 10 1796.820 594.270 1942.170 1066.560 3.332 
288 10 1801.130 591.930 1942.660 1066.820 3.331 
289 10 1805.720 591.720 1942.880 1067.580 3.223 
290 10 1810.050 592.330 1942.700 1068.530 1.611 
291 10 1814.460 597.200 1941.560 1068.880 0.806 
292 10 1818.010 599.070 1940.270 1067.690 0.403 
293 10 1821.410 599.100 1939.460 1066.570 0.201 
294 10 1825.150 595.140 1939.770 1066.150 0.101 
295 10 1829.020 596.280 1939.190 1066.000 0.050 
296 10 1832.940 597.390 1938.940 1065.950 0.025 
297 10 1835.910 596.480 1938.470 1066.600 0.013 
298 10 1838.690 595.480 1937.770 1066.180 0.006 
299 10 1840.720 596.430 1936.330 1066.030 0.003 
300 10 1842.160 591.500 1935.600 1065.980 0.002 
301 10 1840.690 590.970 1931.940 1064.640 0.001 
302 10 1844.390 611.260 1929.430 1062.820 0.000 
303 10 1846.760 621.070 1928.040 1062.140 0.000 
304 10 1852.720 601.060 1933.090 1055.180 0.000 
305 10 1854.330 583.870 1934.760 1056.630 1.952 
306 10 1855.960 581.840 1936.560 1055.720 2.933 
42 11 1487.660 654.220 1526.050 766.250 1.000 
43 11 1485.260 654.710 1524.190 768.870 4.037 
44 11 1484.510 654.910 1523.870 771.070 5.358 
45 11 1485.630 654.280 1525.450 772.420 5.374 
46 11 1486.580 654.730 1526.350 772.800 5.021 
47 11 1483.810 654.230 1524.490 772.830 4.488 
48 11 1481.350 652.700 1523.970 773.440 3.847 
49 11 1480.310 653.460 1523.980 773.610 3.473 
50 11 1480.740 653.770 1525.280 773.610 1.737 
51 11 1480.190 654.550 1525.910 774.890 0.868 
52 11 1482.360 654.190 1529.130 775.330 0.434 
53 11 1482.720 653.390 1530.860 775.460 0.217 
54 11 1484.110 654.410 1532.920 776.120 0.109 
55 11 1485.740 653.480 1535.270 775.680 0.054 
56 11 1486.400 653.130 1536.760 775.480 0.027 
57 11 1487.850 650.360 1539.410 775.380 0.014 
58 11 1489.610 648.020 1541.780 775.320 0.007 
59 11 1492.280 646.480 1544.570 775.930 0.003 
60 11 1496.000 646.570 1546.810 774.190 0.002 
61 11 1498.380 645.970 1548.620 774.810 0.001 
62 11 1500.410 647.080 1549.410 775.040 0.000 
63 11 1502.630 648.190 1550.140 774.450 0.000 
64 11 1504.140 649.950 1550.310 774.220 0.000 
65 11 1505.990 651.290 1550.980 772.800 0.000 
66 11 1506.720 650.460 1552.430 774.260 0.000 
67 11 1508.480 650.810 1554.700 776.110 0.000 
68 11 1509.980 650.950 1555.950 775.500 0.000 
69 11 1511.320 650.330 1557.530 775.910 0.000 
70 11 1512.300 650.100 1558.220 775.400 0.000 
71 11 1513.820 651.340 1559.200 775.190 0.000 
72 11 1515.010 651.810 1560.180 775.110 0.000 
73 11 1515.870 651.320 1561.370 775.730 0.000 
74 11 1516.720 649.810 1562.520 775.310 0.000 
75 11 1517.570 648.580 1563.650 775.800 0.000 
76 11 1519.470 649.430 1565.050 775.980 0.000 
77 11 1521.020 648.450 1567.290 778.020 0.000 
78 11 1522.970 646.770 1569.300 778.130 0.000 
79 11 1524.940 644.180 1571.380 778.160 0.000 
80 11 1525.870 643.850 1571.900 777.510 0.000 
81 11 1525.400 644.410 1571.490 777.900 0.000 
82 11 1523.740 645.300 1570.090 777.380 0.000 
83 11 1523.710 645.660 1571.500 778.500 0.000 
84 11 1522.530 647.110 1571.170 778.250 0.000 
85 11 1521.880 649.010 1571.170 778.150 0.000 
86 11 1519.590 649.050 1571.160 779.430 0.000 
87 11 1518.530 649.070 1572.000 779.900 0.000 
88 11 1518.420 649.730 1573.300 780.070 0.000 
89 11 1517.500 648.650 1574.650 780.780 0.000 
90 11 1518.410 648.240 1577.170 781.700 0.000 
91 11 1521.210 648.080 1580.240 781.380 0.000 
92 11 1526.170 646.700 1585.390 781.240 0.000 
93 11 1529.370 645.530 1588.580 781.830 0.000 
94 11 1531.660 644.430 1590.590 782.050 0.000 
95 11 1536.000 644.680 1593.020 780.150 0.000 
96 11 1539.260 644.130 1594.870 779.410 0.000 
97 11 1541.780 644.590 1596.790 780.450 0.000 
98 11 1544.050 644.780 1598.040 780.190 0.000 
99 11 1546.560 644.860 1600.020 780.080 0.000 
100 11 1547.730 645.560 1601.060 781.360 0.000 
101 11 1548.940 645.830 1602.540 782.500 0.000 
102 11 1550.410 647.250 1603.910 782.930 0.000 
103 11 1551.470 647.790 1605.120 783.740 0.000 
104 11 1552.450 647.990 1606.190 784.690 0.000 
105 11 1554.600 648.050 1607.990 785.040 0.000 
106 11 1556.780 647.410 1609.820 785.150 0.000 
107 11 1557.500 649.140 1609.190 784.520 0.000 
108 11 1558.360 649.130 1609.530 784.270 0.000 
109 11 1559.690 648.460 1610.540 784.160 0.000 
110 11 1560.620 647.540 1611.700 784.770 0.000 
111 11 1561.620 644.560 1613.370 785.660 0.000 
112 11 1562.480 644.080 1613.450 785.330 0.000 
113 11 1563.450 644.570 1613.380 785.190 0.000 
114 11 1565.350 642.130 1615.680 787.110 0.000 
115 11 1565.880 641.230 1616.010 788.470 0.000 
116 11 1565.640 641.550 1615.830 790.290 0.000 
117 11 1564.220 641.690 1615.050 790.970 0.000 
118 11 1562.780 643.070 1614.260 791.860 0.000 
119 11 1562.360 642.960 1615.080 792.170 0.000 
120 11 1561.790 643.580 1616.410 793.580 0.000 
121 11 1560.840 643.160 1616.950 794.750 0.000 
122 11 1560.810 644.970 1617.440 794.520 0.000 
123 11 1561.540 647.660 1618.170 794.390 0.000 
124 11 1565.690 648.000 1623.170 794.320 0.000 
125 11 1568.630 647.460 1627.570 794.270 0.000 
126 11 1572.690 647.240 1632.140 793.580 0.000 
127 11 1574.990 645.820 1634.990 793.300 0.000 
128 11 1576.400 643.970 1636.720 793.180 0.000 
129 11 1578.710 643.270 1638.110 791.820 0.000 
130 11 1581.370 642.350 1640.020 791.290 0.000 
131 11 1582.840 642.670 1640.810 791.750 0.000 
132 11 1583.790 641.480 1641.240 791.260 0.000 
133 11 1584.470 641.700 1641.620 792.400 0.000 
134 11 1585.350 643.120 1641.690 792.830 0.000 
135 11 1586.190 643.660 1642.400 793.650 0.000 
136 11 1587.250 643.870 1643.810 795.270 0.000 
137 11 1588.630 644.610 1644.590 795.220 0.000 
138 11 1589.960 647.540 1644.630 795.840 0.000 
139 11 1591.500 649.300 1644.840 795.400 0.000 
140 11 1592.340 649.950 1645.220 796.550 0.000 
141 11 1593.030 647.520 1646.220 796.310 0.000 
142 11 1594.420 647.250 1647.370 796.860 0.000 
143 11 1596.530 645.820 1650.100 798.380 0.000 
144 11 1598.710 644.620 1652.290 798.940 0.000 
145 11 1600.420 643.510 1653.480 798.490 0.000 
146 11 1601.210 643.090 1653.680 798.290 0.000 
147 11 1602.300 641.630 1654.840 798.860 0.000 
148 11 1603.110 643.700 1654.800 799.070 0.000 
149 11 1601.930 641.870 1654.850 800.450 0.000 
150 11 1601.500 641.190 1655.440 800.960 0.000 
151 11 1600.760 641.600 1655.520 801.140 0.000 
152 11 1604.550 644.400 1658.630 801.190 0.000 
153 11 1605.240 646.800 1659.190 802.520 0.000 
154 11 1604.800 643.730 1660.670 803.660 0.000 
155 11 1602.440 644.540 1659.460 804.730 0.000 
156 11 1603.010 644.850 1660.720 804.460 0.000 
157 11 1610.760 654.200 1663.500 802.350 0.000 
158 11 1612.080 655.270 1664.520 802.580 0.000 
162 11 1613.480 646.150 1670.680 806.720 0.000 
163 11 1614.690 645.980 1672.080 806.420 0.000 
164 11 1617.310 641.980 1675.630 805.640 0.000 
165 11 1619.470 642.440 1677.020 804.690 0.000 
166 11 1621.730 640.670 1679.310 804.310 0.000 
167 11 1621.480 639.370 1679.870 804.810 0.000 
168 11 1620.830 637.580 1679.890 805.000 0.000 
169 11 1623.070 637.580 1682.550 805.720 0.000 
170 11 1625.060 638.920 1684.310 805.330 0.000 
171 11 1625.870 640.780 1685.490 805.830 0.000 
172 11 1628.190 643.480 1687.780 806.010 0.000 
173 11 1628.120 644.510 1688.150 806.070 0.000 
174 11 1628.330 645.560 1688.620 806.090 0.000 
175 11 1630.220 647.270 1690.210 805.420 0.000 
176 11 1631.490 648.570 1691.470 805.830 0.000 
177 11 1632.000 648.370 1692.480 805.980 0.000 
178 11 1632.950 647.610 1694.660 807.360 0.000 
179 11 1633.460 644.680 1697.210 808.530 0.000 
180 11 1634.990 642.910 1699.390 808.310 0.000 
181 11 1636.100 642.890 1700.250 808.210 0.000 
182 11 1636.900 641.570 1700.760 807.500 0.000 
183 11 1637.230 639.770 1701.490 808.540 0.000 
184 11 1638.380 639.750 1701.970 808.270 0.000 
185 11 1638.550 640.420 1701.670 808.820 0.000 
186 11 1638.870 640.690 1701.890 809.680 0.000 
187 11 1638.740 640.150 1702.140 809.990 0.000 
188 11 1638.550 640.610 1702.310 810.760 0.000 
189 11 1637.920 640.790 1702.220 811.040 0.000 
190 11 1637.700 639.560 1702.770 810.470 0.000 
191 11 1637.530 638.440 1703.680 810.900 0.000 
192 11 1637.960 638.020 1705.460 811.710 0.000 
193 11 1639.640 636.560 1707.850 811.360 0.000 
194 11 1641.960 634.710 1710.330 810.550 0.000 
195 11 1644.770 634.030 1712.570 810.240 0.000 
196 11 1647.540 631.820 1714.930 810.110 0.000 
197 11 1649.730 631.000 1716.570 810.060 0.000 
198 11 1651.180 629.410 1717.800 810.040 0.000 
199 11 1653.020 628.180 1719.510 810.030 0.000 
200 11 1655.520 628.400 1721.540 810.680 0.000 
201 11 1659.770 627.200 1725.480 810.270 0.000 
202 11 1661.110 626.780 1727.150 811.420 0.000 
203 11 1663.310 626.650 1729.240 811.200 0.000 
204 11 1664.290 626.630 1730.420 811.770 0.000 
205 11 1667.040 627.310 1733.620 812.640 0.000 
206 11 1669.640 627.590 1736.450 811.640 0.000 
207 11 1672.970 632.340 1738.990 811.260 0.000 
208 11 1674.570 630.150 1742.770 811.770 0.000 
209 11 1673.920 629.350 1743.980 813.280 0.000 
210 11 1673.460 635.620 1741.870 813.840 0.000 
211 11 1673.330 636.710 1742.810 818.050 0.000 
212 11 1674.780 636.440 1742.900 814.320 0.000 
213 11 1675.330 634.970 1743.460 813.520 0.000 
214 11 1676.550 633.760 1745.220 814.540 0.000 
215 11 1677.990 632.630 1746.790 814.920 0.000 
216 11 1680.390 632.200 1748.720 814.400 0.000 
217 11 1682.670 632.040 1751.280 815.510 0.000 
218 11 1685.300 629.350 1754.330 814.610 0.000 
219 11 1686.300 628.330 1755.360 814.250 0.000 
220 11 1688.450 627.310 1757.820 814.770 0.000 
221 11 1692.740 626.270 1761.710 814.970 0.000 
222 11 1695.760 625.240 1764.310 814.380 0.000 
223 11 1698.440 626.190 1765.600 812.840 0.000 
224 11 1700.250 627.240 1767.110 813.570 0.000 
225 11 1702.600 628.310 1769.160 814.510 0.000 
226 11 1704.990 630.040 1771.590 816.840 0.000 
227 11 1707.560 630.700 1773.990 818.380 0.000 
228 11 1709.620 630.940 1775.630 818.950 0.000 
229 11 1712.160 632.350 1777.630 819.800 0.000 
230 11 1713.780 632.210 1779.540 820.770 0.000 
231 11 1715.860 632.150 1781.950 820.460 0.000 
232 11 1718.230 631.460 1785.080 822.300 0.000 
233 11 1719.460 630.540 1786.430 822.310 0.000 
234 11 1720.850 630.180 1787.830 822.300 0.000 
235 11 1721.330 628.730 1788.260 820.950 0.000 
236 11 1726.170 628.840 1792.840 821.090 0.000 
237 11 1732.060 630.210 1798.280 822.440 0.000 
238 11 1735.450 630.070 1801.650 822.290 0.000 
239 11 1736.920 629.360 1803.870 822.210 0.000 
240 11 1740.340 629.090 1808.900 823.490 0.000 
241 11 1744.830 631.630 1814.650 825.280 0.000 
242 11 1748.940 629.950 1821.490 825.940 1.554 
243 11 1751.490 633.920 1825.470 828.800 2.445 
244 11 1752.560 632.130 1829.280 829.870 2.784 
245 11 1752.590 630.790 1831.530 830.240 1.392 
246 11 1753.100 630.930 1833.610 831.010 0.696 
247 11 1753.670 632.960 1834.470 830.620 0.348 
248 11 1754.700 633.730 1835.730 829.770 0.174 
249 11 1757.700 634.010 1838.700 829.430 0.087 
250 11 1761.320 632.780 1842.430 827.960 0.043 
251 11 1764.850 631.640 1846.110 828.050 0.022 
252 11 1769.490 629.890 1851.260 829.400 0.011 
253 11 1775.180 629.240 1856.290 830.560 1.596 
254 11 1780.960 626.370 1862.250 832.300 2.575 
255 11 1784.100 623.980 1865.970 833.600 3.103 
256 11 1783.680 622.440 1866.820 836.030 3.148 
257 11 1785.370 622.520 1868.300 836.300 3.077 
258 11 1788.430 623.240 1870.800 836.360 1.539 
259 11 1792.980 624.850 1874.710 836.360 0.769 
260 11 1794.220 627.470 1876.450 838.310 0.385 
261 11 1797.370 628.470 1881.450 840.340 0.192 
262 11 1799.600 631.470 1882.740 839.110 0.096 
263 11 1803.530 632.620 1886.520 839.260 0.048 
264 11 1807.770 633.690 1890.910 839.950 1.583 
265 11 1810.670 632.760 1895.660 842.180 2.374 
266 11 1812.970 631.070 1899.310 842.990 2.696 
267 11 1816.470 627.790 1903.740 843.270 2.868 
268 11 1822.900 626.540 1909.260 842.700 3.138 
269 11 1828.910 624.100 1915.450 844.420 3.429 
270 11 1832.690 621.880 1918.670 843.740 3.684 
271 11 1837.310 621.050 1922.330 842.800 3.914 
272 11 1840.390 620.110 1924.750 842.420 4.032 
273 11 1845.280 618.460 1928.240 842.920 4.157 
274 11 1846.060 618.520 1928.410 846.370 3.819 
275 11 1847.770 617.920 1928.770 847.020 3.519 
276 11 1850.700 617.180 1932.200 847.690 3.367 
277 11 1852.230 616.100 1927.560 833.400 4.208 
278 11 1834.550 602.710 1949.830 957.450 9.185 
279 11 1834.790 600.570 1954.910 970.180 11.430 
58 12 1893.070 656.020 1922.130 756.590 1.000 
59 12 1889.860 656.830 1921.400 766.060 15.478 
60 12 1887.990 655.450 1920.290 767.100 20.034 
61 12 1885.420 658.160 1917.240 766.640 21.050 
62 12 1883.580 660.620 1914.990 765.790 20.429 
63 12 1881.560 660.930 1913.570 765.690 18.886 
64 12 1880.600 661.040 1913.350 765.380 16.978 
65 12 1879.150 660.420 1912.510 763.680 14.761 
66 12 1877.480 660.170 1911.450 762.110 12.656 
67 12 1874.570 660.070 1909.480 761.970 11.006 
68 12 1872.800 660.690 1907.530 759.800 9.472 
69 12 1870.860 660.920 1906.190 760.120 8.374 
70 12 1868.050 661.670 1904.590 762.800 7.973 
71 12 1865.710 662.600 1902.750 763.080 7.592 
72 12 1864.270 664.930 1901.400 762.420 7.296 
73 12 1861.320 664.480 1900.120 762.070 6.710 
74 12 1856.220 662.980 1897.150 761.880 6.002 
75 12 1852.800 662.390 1895.670 761.750 5.371 
76 12 1851.020 662.160 1895.740 761.650 4.789 
77 12 1848.570 662.070 1894.400 760.910 4.262 
78 12 1847.150 664.020 1893.220 761.250 4.143 
79 12 1842.740 664.750 1888.840 761.340 4.193 
80 12 1837.070 663.690 1884.070 762.010 4.215 
81 12 1834.300 662.630 1881.750 762.240 4.042 
82 12 1830.380 658.940 1879.330 762.300 3.609 
83 12 1825.320 657.540 1874.340 761.010 3.382 
84 12 1820.980 656.360 1869.750 759.170 3.296 
85 12 1819.090 655.930 1867.140 757.790 3.214 
86 12 1817.650 657.110 1864.470 756.610 3.125 
87 12 1816.370 658.910 1863.110 758.150 3.069 
88 12 1815.170 660.250 1861.530 758.730 3.078 
89 12 1813.580 662.090 1859.640 758.950 3.191 
90 12 1811.300 660.780 1859.490 761.020 3.201 
91 12 1808.910 661.600 1857.170 761.130 3.260 
92 12 1804.520 661.910 1852.010 759.170 3.261 
93 12 1800.260 663.360 1846.210 757.740 3.409 
94 12 1797.330 663.890 1842.920 757.880 3.537 
95 12 1795.250 663.410 1840.920 757.270 3.442 
96 12 1792.980 662.550 1838.550 757.040 3.290 
97 12 1791.020 661.560 1837.000 757.630 1.645 
98 12 1789.390 661.850 1835.510 759.170 2.345 
99 12 1789.300 663.270 1834.610 759.100 1.173 
100 12 1789.260 664.480 1833.840 759.060 0.586 
101 12 1787.160 663.590 1833.160 759.710 0.293 
102 12 1785.660 665.230 1831.110 759.290 0.147 
103 12 1783.560 665.180 1828.720 758.460 0.073 
104 12 1777.700 662.490 1823.080 758.150 0.037 
105 12 1773.140 659.520 1818.890 758.690 0.018 
106 12 1771.620 659.700 1815.940 757.590 0.009 
107 12 1769.160 658.470 1813.620 758.490 0.005 
108 12 1765.940 659.980 1808.010 756.860 1.505 
109 12 1764.160 660.580 1805.310 757.560 2.253 
110 12 1763.880 660.820 1804.760 759.150 1.126 
111 12 1761.380 660.730 1802.340 759.260 0.563 
123 12 1730.770 663.910 1769.330 758.050 0.282 
124 12 1729.440 664.030 1767.660 759.420 1.740 
125 12 1726.760 662.730 1765.270 759.170 0.870 
126 12 1722.030 662.910 1761.010 759.740 2.090 
127 12 1719.910 663.640 1759.270 761.270 2.809 
128 12 1717.700 663.250 1758.240 763.830 3.261 
129 12 1717.110 661.800 1758.430 763.480 3.132 
130 12 1714.730 661.680 1756.280 763.920 1.566 
145 12 1682.630 666.890 1716.430 753.270 0.783 
146 12 1686.920 667.800 1720.760 756.720 0.391 
147 12 1688.960 674.130 1720.580 757.550 2.176 
148 12 1688.260 677.180 1718.730 757.180 3.342 
149 12 1684.410 677.510 1715.550 759.130 4.195 
150 12 1682.970 678.800 1713.730 759.420 4.618 
175 12 1614.570 667.090 1643.540 744.040 2.309 
176 12 1614.280 667.480 1642.330 742.530 2.957 
177 12 1613.820 669.660 1641.270 743.260 1.479 
178 12 1614.320 669.180 1641.760 744.230 0.739 
179 12 1613.670 670.320 1640.270 742.630 0.370 
180 12 1612.210 670.090 1639.800 744.720 0.185 
181 12 1610.490 669.360 1640.240 746.800 0.092 
182 12 1609.210 669.730 1639.190 744.990 0.046 
183 12 1604.850 668.560 1637.520 750.930 0.023 
184 12 1604.300 668.770 1637.800 751.800 0.012 
185 12 1603.400 668.870 1637.490 752.120 0.006 
186 12 1601.860 668.910 1636.730 752.870 0.003 
187 12 1599.740 668.930 1634.810 752.490 0.001 
188 12 1599.510 669.600 1634.270 751.670 0.001 
189 12 1598.300 669.200 1633.990 752.660 0.000 
190 12 1597.040 669.050 1633.460 753.020 0.000 
191 12 1594.700 667.020 1632.610 753.800 0.000 
192 12 1593.620 666.260 1631.900 753.430 0.000 
193 12 1591.100 664.670 1629.910 753.270 0.000 
194 12 1588.450 664.730 1626.370 751.890 0.000 
195 12 1585.440 664.770 1623.160 752.670 0.000 
196 12 1583.980 664.800 1621.070 751.640 0.000 
197 12 1582.750 665.480 1619.100 750.580 0.000 
198 12 1581.520 663.760 1618.610 750.180 0.000 
199 12 1581.310 664.450 1618.280 750.030 0.000 
200 12 1580.110 664.060 1618.090 751.300 0.000 
201 12 1579.100 664.580 1617.360 751.780 0.000 
202 12 1577.450 664.140 1615.820 751.960 0.000 
203 12 1575.470 664.630 1613.410 751.370 0.000 
204 12 1573.560 664.830 1611.110 750.470 0.000 
205 12 1571.690 662.920 1609.520 749.470 0.000 
206 12 1568.120 660.890 1605.970 748.440 0.000 
207 12 1565.880 660.140 1603.650 748.720 0.000 
208 12 1563.880 660.520 1600.770 748.180 0.000 
209 12 1561.300 661.360 1597.010 747.320 0.000 
210 12 1558.220 661.020 1593.870 747.000 0.000 
211 12 1555.810 660.910 1592.120 747.560 0.000 
212 12 1554.200 662.190 1590.340 747.120 0.000 
213 12 1553.260 662.700 1589.520 746.960 0.000 
214 12 1552.240 663.550 1588.710 746.910 0.000 
215 12 1551.080 663.870 1588.010 747.570 0.000 
216 12 1549.970 663.330 1587.230 747.150 0.000 
217 12 1548.180 661.130 1586.450 747.670 0.000 
218 12 1546.620 662.270 1583.880 747.210 0.000 
219 12 1546.170 662.730 1582.880 747.030 0.000 
220 12 1544.940 661.580 1581.710 746.970 0.000 
221 12 1541.450 659.830 1578.470 747.610 0.000 
222 12 1538.600 658.520 1575.610 747.850 0.000 
223 12 1537.370 658.030 1574.120 747.950 0.000 
224 12 1536.960 659.830 1572.980 748.640 0.000 
225 12 1535.660 660.530 1571.200 748.240 0.000 
226 12 1534.480 661.470 1570.020 748.750 0.000 
227 12 1533.800 661.820 1569.280 748.280 0.000 
228 12 1532.650 661.950 1568.690 748.770 0.000 
229 12 1531.130 662.660 1567.690 749.610 0.000 
230 12 1530.020 663.590 1566.630 750.580 0.000 
231 12 1529.080 663.270 1565.540 750.280 0.000 
232 12 1529.180 663.810 1564.120 748.840 0.000 
233 12 1528.610 668.670 1560.300 746.950 0.000 
234 12 1527.430 669.400 1558.740 746.740 0.000 
243 12 1509.570 661.340 1543.620 748.910 0.000 
244 12 1509.840 662.910 1542.660 748.360 0.000 
245 12 1510.210 662.900 1542.190 746.830 0.000 
246 12 1509.450 662.900 1541.710 746.910 0.000 
247 12 1507.690 663.570 1539.810 747.600 0.000 
248 12 1505.810 662.510 1537.770 747.200 0.000 
249 12 1503.580 663.420 1534.680 746.400 0.000 
250 12 1502.360 663.780 1533.330 746.750 0.000 
251 12 1501.430 665.240 1532.100 746.890 0.000 
252 12 1500.220 665.790 1531.280 747.610 0.000 
253 12 1499.350 665.330 1530.840 747.220 0.000 
254 12 1498.530 666.470 1529.950 747.070 0.000 
255 12 1497.120 666.900 1528.840 747.010 0.000 
256 12 1495.520 665.060 1528.270 746.990 0.000 
257 12 1494.050 664.370 1527.030 746.330 0.000 
258 12 1493.100 663.440 1526.400 746.080 0.000 
259 12 1492.090 661.780 1525.580 745.330 0.000 
260 12 1489.930 661.160 1523.200 745.050 0.000 
261 12 1488.530 661.590 1520.990 744.290 0.000 
262 12 1487.370 661.110 1519.560 744.010 0.000 
263 12 1486.130 660.280 1517.940 743.260 0.000 
264 12 1485.160 659.970 1516.620 742.980 0.000 
265 12 1483.800 660.530 1515.240 744.210 0.000 
266 12 1482.750 660.760 1514.020 744.020 0.000 
267 12 1481.490 661.510 1512.560 743.960 0.000 
268 12 1480.480 663.130 1511.310 743.940 0.000 
269 12 1479.020 664.410 1510.040 744.610 0.000 
270 12 1477.840 664.880 1508.970 744.860 0.000 
271 12 1476.330 664.380 1507.740 744.950 0.000 
272 12 1474.970 664.190 1506.190 744.330 0.000 
273 12 1473.880 665.430 1504.300 744.090 0.000 
274 12 1471.540 663.890 1502.300 744.000 0.000 
275 12 1469.170 663.320 1499.840 743.970 0.000 
276 12 1466.870 661.780 1497.790 743.960 0.000 
277 12 1464.730 660.550 1495.770 743.960 0.000 
278 12 1463.790 659.430 1494.580 742.660 0.000 
279 12 1462.710 660.330 1493.000 742.820 0.000 
280 12 1462.530 660.030 1492.310 741.560 0.000 
281 12 1461.430 660.590 1491.220 742.420 0.000 
282 12 1461.090 661.460 1490.830 742.750 0.000 
283 12 1460.150 663.130 1489.620 742.880 0.000 
284 12 1459.030 664.420 1488.050 742.270 0.000 
285 12 1457.920 664.230 1486.920 742.050 0.000 
286 12 1456.610 664.150 1485.500 741.970 0.000 
287 12 1454.960 662.780 1483.560 739.950 0.000 
288 12 1453.360 662.260 1481.930 739.870 0.000 
289 12 1452.290 662.730 1480.560 739.850 0.000 
290 12 1451.140 662.910 1478.920 739.190 0.000 
291 12 1450.410 662.980 1478.030 739.620 0.000 
292 12 1449.810 663.660 1476.810 739.130 0.000 
293 12 1449.520 665.260 1475.180 737.620 0.000 
294 12 1448.560 665.170 1474.210 737.740 0.000 
295 12 1447.110 664.470 1473.020 737.800 0.000 
296 12 1446.060 664.860 1471.850 737.830 0.000 
297 12 1445.420 665.000 1471.090 737.860 0.000 
298 12 1443.920 665.050 1468.830 737.210 0.000 
299 12 1443.340 664.400 1468.090 736.310 0.000 
300 12 1442.610 663.480 1467.760 737.320 0.000 
301 12 1440.950 663.140 1465.810 737.040 0.000 
302 12 1438.640 661.700 1464.190 738.270 0.000 
303 12 1435.810 659.200 1463.000 740.030 0.000 
304 12 1434.340 658.900 1461.710 740.060 0.000 
305 12 1432.790 658.810 1460.350 740.070 0.000 
306 12 1431.830 659.440 1458.970 739.410 0.000 
307 12 1430.960 659.700 1457.750 738.500 0.000 
308 12 1429.730 657.830 1456.310 736.160 0.000 
309 12 1428.400 657.390 1455.030 735.870 0.000 
310 12 1428.630 657.770 1455.450 737.460 0.000 
311 12 1429.550 659.150 1453.050 727.720 1.782 
312 12 1428.630 658.990 1451.800 726.600 2.682 
129 16 35.500 582.550 154.750 903.060 1.000 
130 16 48.060 578.400 181.010 925.680 8.190 
131 16 46.320 577.130 216.660 1012.530 21.558 
132 16 57.780 577.880 250.980 1054.570 28.426 
133 16 73.520 582.200 283.000 1075.470 31.057 
134 16 96.430 579.030 321.070 1087.600 31.234 
135 16 131.430 575.890 366.000 1084.940 30.379 
136 16 171.840 572.770 413.400 1076.800 29.228 
137 16 209.000 564.480 466.200 1082.900 28.183 
138 16 253.590 569.670 515.980 1080.850 27.762 
139 16 296.140 567.320 567.820 1081.670 27.485 
140 16 338.340 565.830 621.730 1085.290 27.434 
141 16 379.030 562.070 670.000 1086.800 27.332 
142 16 422.590 556.790 720.920 1084.910 27.306 
143 16 472.950 547.660 778.840 1080.440 27.569 
144 16 526.600 546.170 839.930 1083.490 28.262 
145 16 581.430 541.150 898.300 1079.770 29.095 
146 16 636.500 539.320 954.450 1077.980 29.986 
147 16 688.330 535.470 1009.610 1078.310 30.773 
148 16 751.430 534.750 1064.760 1065.150 31.941 
149 16 817.790 539.250 1124.620 1059.110 33.359 
150 16 879.680 543.710 1184.960 1061.310 34.590 
151 16 940.780 541.480 1245.590 1058.730 35.777 
152 16 1005.020 550.600 1302.870 1055.680 36.860 
153 16 1074.100 549.460 1376.650 1062.410 38.067 
154 16 1146.440 545.760 1450.350 1056.290 39.707 
155 16 1216.210 548.330 1521.660 1057.830 41.065 
156 16 1286.420 538.740 1601.550 1064.320 42.347 
157 16 1356.750 527.990 1678.900 1066.710 43.625 
158 16 1434.060 518.040 1762.230 1068.870 45.082 
159 16 1509.150 521.450 1837.010 1067.030 46.278 
160 16 1579.270 515.690 1911.380 1066.880 47.300 
161 16 1630.330 523.410 1951.990 1064.160 47.033 
162 16 1695.710 570.820 1968.140 1038.580 46.233 
163 16 1757.960 574.310 2027.260 1036.700 45.863 
140 18 559.450 633.880 617.010 799.400 1.000 
141 18 568.840 629.710 615.630 764.260 47.620 
159 23 1278.440 672.750 1296.340 732.110 1.000 
160 23 1277.300 675.240 1296.120 737.190 2.847 
161 23 1277.190 673.820 1295.810 734.390 1.424 
162 23 1276.470 673.990 1294.970 733.350 0.712 
163 23 1276.140 674.040 1294.790 733.010 0.356 
164 23 1275.830 674.750 1295.650 737.080 0.178 
165 23 1276.060 675.670 1296.300 739.190 0.089 
166 23 1275.010 675.340 1295.030 737.300 0.044 
167 23 1274.740 675.590 1294.790 737.650 0.022 
168 23 1273.680 675.970 1293.740 737.210 0.011 
169 23 1273.320 676.230 1293.380 737.470 0.006 
170 23 1272.580 674.510 1293.420 737.150 0.003 
171 23 1272.660 676.880 1293.790 739.810 0.001 
172 23 1271.970 676.400 1293.980 741.420 0.001 
173 23 1272.900 676.870 1294.190 740.050 0.000 
174 23 1271.310 674.370 1292.930 737.490 0.000 
175 23 1271.200 674.770 1292.000 733.880 0.000 
176 23 1271.120 676.280 1293.070 737.920 0.000 
177 23 1269.420 675.500 1292.510 739.350 0.000 
178 23 1269.020 675.560 1292.210 739.660 0.000 
196 23 1268.710 675.020 1290.180 733.130 0.000 
197 23 1270.750 677.200 1291.850 730.750 0.000 
198 23 1271.670 679.930 1293.380 732.870 0.000 
199 23 1268.460 677.410 1291.230 732.230 0.000 
200 23 1271.460 682.540 1293.020 732.680 0.000 
201 23 1272.500 684.510 1293.860 732.870 0.000 
202 23 1273.040 685.520 1293.920 732.800 0.000 
203 23 1271.430 682.030 1294.860 733.760 0.000 
204 23 1271.720 682.400 1295.010 733.840 0.000 
220 23 1270.780 685.030 1294.300 735.990 0.000 
221 23 1271.930 685.750 1295.100 735.360 0.000 
222 23 1273.060 687.330 1295.340 734.470 0.000 
223 23 1274.520 688.590 1296.410 734.810 0.000 
224 23 1275.290 690.380 1296.550 734.940 0.000 
225 23 1275.630 692.370 1295.830 733.620 0.000 
226 23 1275.440 690.980 1296.540 734.530 0.000 
227 23 1275.870 691.170 1296.950 734.180 0.000 
228 23 1276.260 691.650 1297.080 734.120 0.000 
229 23 1277.240 691.230 1298.320 734.010 0.000 
230 23 1277.710 691.610 1298.580 733.950 0.000 
232 23 1277.350 690.330 1298.900 733.980 0.000 
233 23 1276.900 689.480 1298.690 733.300 0.000 
234 23 1276.440 690.500 1298.240 733.730 0.000 
235 23 1276.160 690.220 1298.170 733.890 0.000 
236 23 1276.990 690.770 1298.510 733.290 0.000 
237 23 1276.330 689.640 1298.280 733.070 0.000 
238 23 1276.610 689.880 1298.320 732.990 0.000 
239 23 1276.740 689.920 1298.390 732.880 0.000 
240 23 1277.360 689.210 1299.270 732.950 0.000 
241 23 1277.310 689.730 1299.010 732.960 0.000 
242 23 1275.280 688.580 1298.260 734.290 0.000 
243 23 1274.760 688.170 1298.410 735.420 0.000 
244 23 1276.020 688.660 1299.590 735.860 0.000 
245 23 1276.950 689.510 1299.630 734.720 0.000 
246 23 1277.380 689.170 1300.230 734.930 0.000 
247 23 1278.420 689.710 1300.870 735.670 0.000 
248 23 1278.490 689.910 1300.110 733.970 0.000 
249 23 1278.190 689.990 1299.450 733.310 0.000 
250 23 1278.510 690.020 1300.100 733.730 0.000 
251 23 1278.070 690.020 1299.580 733.230 0.000 
252 23 1277.990 690.020 1299.940 735.040 0.000 
253 23 1278.090 690.020 1299.940 735.710 0.000 
254 23 1278.830 690.020 1300.540 735.310 0.000 
255 23 1276.380 688.700 1298.880 735.140 0.000 
256 23 1274.890 686.900 1298.170 734.430 0.000 
257 23 1273.150 684.260 1297.780 733.500 0.000 
258 23 1271.830 683.260 1297.000 732.500 0.000 
259 23 1274.150 686.160 1298.450 733.420 0.000 
260 23 1274.460 686.640 1298.980 734.450 0.000 
261 23 1275.260 688.140 1299.150 734.820 0.000 
262 23 1275.960 687.390 1300.160 734.970 0.000 
263 23 1275.800 688.420 1298.980 733.710 0.000 
264 23 1276.540 688.160 1300.400 735.230 0.000 
265 23 1276.870 688.060 1300.840 735.780 0.000 
266 23 1277.200 688.020 1300.800 735.320 0.000 
267 23 1276.320 688.010 1299.800 735.140 0.000 
268 23 1277.180 688.660 1300.210 735.070 0.000 
269 23 1277.270 688.740 1300.300 735.130 0.000 
270 23 1276.420 688.960 1299.180 734.260 0.000 
271 23 1276.690 690.380 1299.170 734.750 0.000 
272 23 1276.440 689.530 1299.510 734.920 0.000 
273 23 1276.190 689.220 1299.130 734.330 0.000 
274 23 1275.670 688.430 1298.760 734.100 0.000 
275 23 1275.130 688.130 1298.300 734.010 0.000 
276 23 1276.110 687.360 1299.590 733.980 0.000 
277 23 1276.130 687.080 1299.780 733.970 0.000 
278 23 1275.850 686.970 1299.480 733.970 0.000 
279 23 1276.700 687.600 1299.720 733.320 0.000 
280 23 1276.160 687.840 1298.680 733.070 0.000 
281 23 1276.410 687.940 1298.510 732.980 0.000 
282 23 1275.170 687.310 1297.790 733.620 0.000 
283 23 1274.220 687.730 1296.700 733.850 0.000 
284 23 1274.910 687.900 1297.220 733.950 0.000 
285 23 1275.250 689.280 1296.700 733.320 0.000 
286 23 1275.610 688.470 1297.630 733.760 0.000 
287 23 1276.440 689.490 1297.920 733.260 0.000 
288 23 1276.810 689.210 1298.660 733.730 0.000 
289 23 1275.570 688.440 1297.660 732.590 0.000 
290 23 1274.710 686.820 1297.670 732.150 0.000 
291 23 1273.040 684.910 1297.050 731.340 0.000 
292 23 1274.160 686.140 1297.680 731.690 0.000 
293 23 1272.130 683.330 1297.100 731.170 0.000 
294 23 1271.610 683.590 1296.670 730.990 0.000 
295 23 1272.760 684.380 1297.140 730.270 0.000 
296 23 1274.610 686.700 1298.590 732.000 0.000 
297 23 1274.500 686.900 1298.600 732.650 0.000 
298 23 1273.970 686.310 1298.430 732.890 0.000 
299 23 1274.970 687.400 1299.140 733.640 0.000 
300 23 1276.570 688.480 1300.170 733.920 0.000 
301 23 1278.450 690.220 1301.270 734.020 0.000 
302 23 1276.280 688.170 1299.840 733.380 0.000 
303 23 1276.400 688.250 1299.940 733.430 0.000 
305 23 1277.430 688.060 1301.220 733.930 0.000 
306 23 1277.630 688.110 1301.450 734.020 0.000 
307 23 1276.310 685.670 1300.430 733.240 0.000 
308 23 1277.850 683.150 1301.770 731.080 0.000 
309 23 1277.080 684.210 1299.650 729.640 0.000 
310 23 1276.070 682.630 1300.200 730.440 0.000 
311 23 1276.390 682.720 1301.010 730.730 0.000 
312 23 1278.910 687.360 1302.200 732.160 0.000 
313 23 1278.840 685.820 1303.040 732.050 0.000 
314 23 1279.510 685.270 1304.600 733.330 0.000 
315 23 1279.600 686.360 1304.050 732.510 0.000 
316 23 1280.010 687.470 1304.070 732.850 0.000 
317 23 1279.730 686.540 1303.160 729.640 0.000 
318 23 1280.450 687.540 1304.670 731.820 0.000 
319 23 1280.110 686.570 1304.470 729.950 0.000 
199 26 1618.090 692.000 1644.730 741.410 1.000 
200 26 1618.560 692.000 1644.550 740.130 0.500 
201 26 1618.110 692.000 1644.300 740.540 0.250 
202 26 1617.390 692.000 1644.060 741.430 0.125 
203 26 1617.850 692.700 1643.950 741.060 0.062 
204 26 1618.230 692.250 1644.410 740.940 0.031 
205 26 1618.370 692.290 1644.410 740.710 0.016 
308 31 1894.160 632.610 1921.700 852.670 1.000 
309 31 1894.760 631.580 1922.350 852.050 2.239 
313 33 1250.870 665.800 1280.460 719.740 1.000 
314 33 1252.940 666.810 1283.590 722.960 2.665 
315 33 1252.970 665.650 1283.120 721.060 1.333 
316 33 1257.000 668.810 1283.990 718.890 0.666 
317 33 1257.310 666.220 1285.410 718.130 0.333 
318 33 1258.010 666.290 1285.810 717.650 0.167 
