1,-1,526,636,70,177,0.9996501,-1,-1,-1
1,-1,1730,632,190,391,0.9994210,-1,-1,-1
1,-1,1494,654,39,109,0.9989707,-1,-1,-1
1,-1,1440,656,35,110,0.9982681,-1,-1,-1
2,-1,520,634,71,179,0.9994338,-1,-1,-1
2,-1,1495,652,39,111,0.9992674,-1,-1,-1
2,-1,1729,631,191,392,0.9991673,-1,-1,-1
2,-1,1442,654,35,111,0.9980682,-1,-1,-1
3,-1,1723,626,197,397,0.9993662,-1,-1,-1
3,-1,520,634,69,179,0.9992452,-1,-1,-1
3,-1,1497,653,40,110,0.9989946,-1,-1,-1
3,-1,1443,653,36,111,0.9980651,-1,-1,-1
4,-1,1718,631,195,393,0.9993754,-1,-1,-1
4,-1,1499,652,38,110,0.9991840,-1,-1,-1
4,-1,516,637,68,174,0.9987952,-1,-1,-1
4,-1,1445,653,34,111,0.9984275,-1,-1,-1
5,-1,1709,623,185,396,0.9995161,-1,-1,-1
5,-1,1499,652,40,110,0.9992422,-1,-1,-1
5,-1,514,637,63,175,0.9987811,-1,-1,-1
5,-1,1446,651,34,112,0.9983776,-1,-1,-1
6,-1,1706,632,166,384,0.9995047,-1,-1,-1
6,-1,1446,651,35,114,0.9991129,-1,-1,-1
6,-1,1501,650,39,111,0.9988670,-1,-1,-1
6,-1,510,635,64,177,0.9987066,-1,-1,-1
7,-1,1699,632,151,387,0.9996182,-1,-1,-1
7,-1,1448,650,34,114,0.9992846,-1,-1,-1
7,-1,1502,649,38,114,0.9991173,-1,-1,-1
7,-1,509,635,61,177,0.9987926,-1,-1,-1
8,-1,1685,636,144,382,0.9996094,-1,-1,-1
8,-1,1505,648,36,115,0.9991525,-1,-1,-1
8,-1,1449,648,33,116,0.9990270,-1,-1,-1
8,-1,504,634,63,174,0.9989471,-1,-1,-1
8,-1,1812,657,45,86,0.9024681,-1,-1,-1
8,-1,1366,666,15,50,0.7615455,-1,-1,-1
9,-1,1505,649,38,115,0.9990978,-1,-1,-1
9,-1,1674,637,133,378,0.9990717,-1,-1,-1
9,-1,502,630,63,182,0.9984591,-1,-1,-1
9,-1,1448,648,36,118,0.9984123,-1,-1,-1
9,-1,1816,658,46,85,0.9895617,-1,-1,-1
9,-1,1365,664,16,52,0.8597472,-1,-1,-1
10,-1,1506,649,39,115,0.9991762,-1,-1,-1
10,-1,1447,648,38,119,0.9990848,-1,-1,-1
10,-1,499,630,58,180,0.9986888,-1,-1,-1
10,-1,1659,630,141,387,0.9983222,-1,-1,-1
10,-1,1815,655,51,92,0.9924173,-1,-1,-1
10,-1,1365,665,16,51,0.8889170,-1,-1,-1
11,-1,1644,627,150,392,0.9992397,-1,-1,-1
11,-1,1507,649,39,114,0.9990897,-1,-1,-1
11,-1,496,631,58,176,0.9986733,-1,-1,-1
11,-1,1447,652,40,114,0.9985127,-1,-1,-1
11,-1,1817,654,51,95,0.9928652,-1,-1,-1
11,-1,1364,666,17,51,0.9364530,-1,-1,-1
11,-1,1266,694,23,47,0.7563315,-1,-1,-1
12,-1,1627,640,168,380,0.9991800,-1,-1,-1
12,-1,1508,652,39,111,0.9988765,-1,-1,-1
12,-1,1449,650,39,118,0.9987507,-1,-1,-1
12,-1,492,632,57,175,0.9986038,-1,-1,-1
12,-1,1817,655,52,92,0.9937876,-1,-1,-1
12,-1,1364,666,17,51,0.8825343,-1,-1,-1
13,-1,1614,640,179,373,0.9991565,-1,-1,-1
13,-1,1509,650,40,113,0.9990821,-1,-1,-1
13,-1,1451,650,37,117,0.9990609,-1,-1,-1
13,-1,490,631,57,177,0.9986224,-1,-1,-1
13,-1,1823,655,46,93,0.9941802,-1,-1,-1
13,-1,1364,667,16,50,0.7794455,-1,-1,-1
14,-1,1510,652,41,111,0.9992506,-1,-1,-1
14,-1,1451,651,39,116,0.9992394,-1,-1,-1
14,-1,1594,641,203,371,0.9990255,-1,-1,-1
14,-1,486,631,59,175,0.9981324,-1,-1,-1
14,-1,1826,653,43,96,0.9960831,-1,-1,-1
14,-1,1364,664,17,52,0.8506160,-1,-1,-1
15,-1,1451,654,43,114,0.9994863,-1,-1,-1
15,-1,1580,642,219,371,0.9990985,-1,-1,-1
15,-1,1511,654,44,111,0.9981025,-1,-1,-1
15,-1,484,632,63,172,0.9977367,-1,-1,-1
15,-1,1830,653,41,95,0.9943717,-1,-1,-1
15,-1,1363,661,18,55,0.9094945,-1,-1,-1
16,-1,1449,655,46,115,0.9995120,-1,-1,-1
16,-1,1569,645,228,368,0.9993561,-1,-1,-1
16,-1,1513,652,43,115,0.9984819,-1,-1,-1
16,-1,477,634,70,170,0.9977694,-1,-1,-1
16,-1,1836,651,38,98,0.9938985,-1,-1,-1
16,-1,1363,663,18,53,0.8806134,-1,-1,-1
17,-1,1571,639,226,389,0.9995657,-1,-1,-1
17,-1,1449,657,47,113,0.9995098,-1,-1,-1
17,-1,1513,651,44,114,0.9989260,-1,-1,-1
17,-1,473,635,71,169,0.9980416,-1,-1,-1
17,-1,1837,652,40,96,0.9937323,-1,-1,-1
17,-1,1363,664,17,52,0.8707315,-1,-1,-1
18,-1,1565,644,225,378,0.9995510,-1,-1,-1
18,-1,1446,657,49,114,0.9993559,-1,-1,-1
18,-1,1514,652,44,113,0.9991310,-1,-1,-1
18,-1,470,638,71,163,0.9974262,-1,-1,-1
18,-1,1837,652,44,99,0.9965733,-1,-1,-1
18,-1,1361,665,19,49,0.9036269,-1,-1,-1
19,-1,1559,646,231,372,0.9996216,-1,-1,-1
19,-1,1449,658,47,111,0.9992806,-1,-1,-1
19,-1,1516,653,42,114,0.9989555,-1,-1,-1
19,-1,1840,652,44,99,0.9979984,-1,-1,-1
19,-1,465,637,76,163,0.9978433,-1,-1,-1
19,-1,1360,662,17,53,0.9120270,-1,-1,-1
20,-1,1561,643,224,384,0.9996667,-1,-1,-1
20,-1,1448,655,49,114,0.9992583,-1,-1,-1
20,-1,1518,651,40,114,0.9986932,-1,-1,-1
20,-1,459,637,74,161,0.9980855,-1,-1,-1
20,-1,1842,653,45,97,0.9973604,-1,-1,-1
20,-1,1360,665,17,50,0.8490333,-1,-1,-1
21,-1,1550,646,224,373,0.9996914,-1,-1,-1
21,-1,1448,656,49,114,0.9992779,-1,-1,-1
21,-1,455,638,70,160,0.9988791,-1,-1,-1
21,-1,1518,650,41,117,0.9987348,-1,-1,-1
21,-1,1842,655,48,94,0.9967130,-1,-1,-1
21,-1,1359,661,17,55,0.7892445,-1,-1,-1
22,-1,1550,640,198,375,0.9996799,-1,-1,-1
22,-1,1518,650,41,116,0.9986520,-1,-1,-1
22,-1,1453,655,46,114,0.9985299,-1,-1,-1
22,-1,457,637,60,158,0.9977847,-1,-1,-1
22,-1,1844,657,51,92,0.9968473,-1,-1,-1
22,-1,1356,662,19,52,0.7867213,-1,-1,-1
23,-1,1547,639,183,380,0.9996754,-1,-1,-1
23,-1,1456,654,44,116,0.9993182,-1,-1,-1
23,-1,450,635,61,150,0.9984085,-1,-1,-1
23,-1,1520,649,38,117,0.9981588,-1,-1,-1
23,-1,1845,658,51,92,0.9975899,-1,-1,-1
23,-1,1356,659,18,56,0.9335697,-1,-1,-1
24,-1,1542,636,164,382,0.9996288,-1,-1,-1
24,-1,1460,654,40,116,0.9993994,-1,-1,-1
24,-1,447,636,61,147,0.9982787,-1,-1,-1
24,-1,1520,649,39,116,0.9981648,-1,-1,-1
24,-1,1846,658,51,92,0.9975737,-1,-1,-1
24,-1,1356,660,17,56,0.9377767,-1,-1,-1
25,-1,1536,631,143,385,0.9996531,-1,-1,-1
25,-1,1462,652,39,118,0.9992717,-1,-1,-1
25,-1,443,633,61,153,0.9986023,-1,-1,-1
25,-1,1521,646,37,123,0.9973778,-1,-1,-1
25,-1,1846,658,52,94,0.9968670,-1,-1,-1
25,-1,1354,662,20,54,0.9514940,-1,-1,-1
25,-1,1551,646,34,119,0.7588315,-1,-1,-1
26,-1,1533,628,117,389,0.9996707,-1,-1,-1
26,-1,1462,651,40,119,0.9989636,-1,-1,-1
26,-1,441,631,59,154,0.9985826,-1,-1,-1
26,-1,1847,657,53,95,0.9951938,-1,-1,-1
26,-1,1522,652,34,116,0.9855016,-1,-1,-1
26,-1,1352,663,21,54,0.9448109,-1,-1,-1
26,-1,1541,649,36,121,0.7633337,-1,-1,-1
27,-1,1525,631,115,385,0.9996382,-1,-1,-1
27,-1,1463,654,41,114,0.9986508,-1,-1,-1
27,-1,442,635,56,147,0.9977888,-1,-1,-1
27,-1,1849,655,51,97,0.9962085,-1,-1,-1
27,-1,1351,663,22,53,0.9626776,-1,-1,-1
27,-1,1524,647,35,110,0.8796263,-1,-1,-1
28,-1,1516,628,120,390,0.9996641,-1,-1,-1
28,-1,1464,654,42,114,0.9988041,-1,-1,-1
28,-1,439,636,59,145,0.9978903,-1,-1,-1
28,-1,1854,655,47,98,0.9976482,-1,-1,-1
28,-1,1352,668,19,47,0.9319518,-1,-1,-1
29,-1,1505,630,124,383,0.9997622,-1,-1,-1
29,-1,1859,655,43,96,0.9977918,-1,-1,-1
29,-1,1466,658,41,112,0.9972124,-1,-1,-1
29,-1,434,636,62,147,0.9969463,-1,-1,-1
29,-1,1351,668,21,47,0.8990126,-1,-1,-1
30,-1,1484,636,144,376,0.9997348,-1,-1,-1
30,-1,428,635,69,150,0.9980233,-1,-1,-1
30,-1,1864,654,40,98,0.9976872,-1,-1,-1
30,-1,1467,655,41,117,0.9964380,-1,-1,-1
30,-1,1353,668,16,47,0.7730345,-1,-1,-1
31,-1,1459,632,169,379,0.9998152,-1,-1,-1
31,-1,426,633,64,148,0.9966719,-1,-1,-1
31,-1,1869,652,39,100,0.9961494,-1,-1,-1
31,-1,1469,655,40,118,0.9920543,-1,-1,-1
32,-1,1433,629,191,382,0.9998679,-1,-1,-1
32,-1,1871,653,41,98,0.9974703,-1,-1,-1
32,-1,1473,655,34,117,0.9869503,-1,-1,-1
32,-1,425,634,61,147,0.9849057,-1,-1,-1
32,-1,1350,668,19,48,0.8131762,-1,-1,-1
33,-1,1421,631,201,381,0.9998808,-1,-1,-1
33,-1,1872,653,43,99,0.9982973,-1,-1,-1
33,-1,431,640,53,142,0.9653609,-1,-1,-1
33,-1,1349,668,20,48,0.8450657,-1,-1,-1
34,-1,1410,633,212,379,0.9998461,-1,-1,-1
34,-1,1873,652,43,99,0.9978708,-1,-1,-1
34,-1,1348,667,21,49,0.9316704,-1,-1,-1
35,-1,1400,641,225,372,0.9998154,-1,-1,-1
35,-1,1874,652,42,100,0.9963617,-1,-1,-1
35,-1,1347,667,22,48,0.8936724,-1,-1,-1
35,-1,1533,648,42,113,0.8875640,-1,-1,-1
36,-1,1400,640,225,375,0.9998337,-1,-1,-1
36,-1,1876,652,44,101,0.9972047,-1,-1,-1
36,-1,1534,646,37,122,0.9885830,-1,-1,-1
36,-1,1349,668,18,46,0.9445674,-1,-1,-1
37,-1,1396,640,229,377,0.9998094,-1,-1,-1
37,-1,1877,652,43,100,0.9973428,-1,-1,-1
37,-1,1533,647,38,122,0.9934546,-1,-1,-1
37,-1,1348,666,18,50,0.9491891,-1,-1,-1
37,-1,2,665,29,256,0.9262071,-1,-1,-1
38,-1,1400,642,217,369,0.9997538,-1,-1,-1
38,-1,1878,652,42,100,0.9963211,-1,-1,-1
38,-1,1533,647,39,123,0.9955814,-1,-1,-1
38,-1,2,659,29,257,0.9504507,-1,-1,-1
38,-1,1348,666,18,48,0.8980107,-1,-1,-1
39,-1,1400,639,207,372,0.9997508,-1,-1,-1
39,-1,1532,645,41,124,0.9956840,-1,-1,-1
39,-1,1880,653,40,98,0.9946668,-1,-1,-1
39,-1,3,653,36,273,0.9698011,-1,-1,-1
39,-1,1347,664,19,50,0.9203852,-1,-1,-1
39,-1,1502,655,37,107,0.7613343,-1,-1,-1
40,-1,1398,640,188,370,0.9997541,-1,-1,-1
40,-1,1536,646,37,124,0.9978024,-1,-1,-1
40,-1,1881,652,39,99,0.9936867,-1,-1,-1
40,-1,1,641,42,304,0.9772825,-1,-1,-1
40,-1,1495,655,28,105,0.9682438,-1,-1,-1
40,-1,1347,666,19,48,0.8774502,-1,-1,-1
41,-1,1393,638,178,372,0.9997351,-1,-1,-1
41,-1,1537,649,38,120,0.9974834,-1,-1,-1
41,-1,1883,654,37,98,0.9929865,-1,-1,-1
41,-1,1,650,46,351,0.9915199,-1,-1,-1
41,-1,1490,654,33,114,0.9751316,-1,-1,-1
41,-1,1346,667,19,45,0.7253013,-1,-1,-1
42,-1,1387,639,158,368,0.9996474,-1,-1,-1
42,-1,1537,649,38,121,0.9980406,-1,-1,-1
42,-1,1,652,52,348,0.9964716,-1,-1,-1
42,-1,1885,655,35,97,0.9864667,-1,-1,-1
42,-1,1488,655,34,114,0.9854357,-1,-1,-1
42,-1,1345,664,21,48,0.7841524,-1,-1,-1
43,-1,1379,637,145,373,0.9997278,-1,-1,-1
43,-1,1538,650,39,120,0.9980845,-1,-1,-1
43,-1,2,651,68,352,0.9977626,-1,-1,-1
43,-1,1488,655,34,116,0.9948153,-1,-1,-1
43,-1,1892,659,28,91,0.9719781,-1,-1,-1
44,-1,1369,635,130,375,0.9997407,-1,-1,-1
44,-1,1539,652,41,118,0.9980814,-1,-1,-1
44,-1,1,651,86,352,0.9977056,-1,-1,-1
44,-1,1489,654,36,118,0.9975310,-1,-1,-1
44,-1,1896,663,23,85,0.9407541,-1,-1,-1
45,-1,1346,631,135,374,0.9996616,-1,-1,-1
45,-1,1488,655,39,117,0.9984273,-1,-1,-1
45,-1,1541,652,41,118,0.9981365,-1,-1,-1
45,-1,0,650,107,356,0.9973207,-1,-1,-1
45,-1,1899,668,21,82,0.8900844,-1,-1,-1
46,-1,1324,627,149,383,0.9996320,-1,-1,-1
46,-1,1478,654,51,118,0.9985639,-1,-1,-1
46,-1,1542,651,40,118,0.9984490,-1,-1,-1
46,-1,0,648,117,357,0.9981621,-1,-1,-1
46,-1,1903,670,17,81,0.7248894,-1,-1,-1
47,-1,1308,627,154,386,0.9997792,-1,-1,-1
47,-1,1473,652,59,121,0.9987684,-1,-1,-1
47,-1,0,648,125,359,0.9986573,-1,-1,-1
47,-1,1543,650,38,123,0.9984596,-1,-1,-1
47,-1,1910,669,10,91,0.7312493,-1,-1,-1
48,-1,1295,633,157,380,0.9998040,-1,-1,-1
48,-1,1473,654,59,119,0.9992452,-1,-1,-1
48,-1,1543,651,40,120,0.9989226,-1,-1,-1
48,-1,0,650,126,352,0.9987200,-1,-1,-1
49,-1,1276,633,172,375,0.9997202,-1,-1,-1
49,-1,1476,654,56,119,0.9989612,-1,-1,-1
49,-1,1543,650,42,122,0.9986928,-1,-1,-1
49,-1,0,649,127,353,0.9986792,-1,-1,-1
50,-1,1259,637,187,370,0.9997272,-1,-1,-1
50,-1,0,648,135,358,0.9988172,-1,-1,-1
50,-1,1544,650,43,121,0.9986339,-1,-1,-1
50,-1,1475,655,57,120,0.9979252,-1,-1,-1
51,-1,1244,627,200,381,0.9998348,-1,-1,-1
51,-1,0,647,131,358,0.9989911,-1,-1,-1
51,-1,1546,648,42,120,0.9989135,-1,-1,-1
51,-1,1480,654,55,121,0.9969205,-1,-1,-1
52,-1,1242,631,203,376,0.9998206,-1,-1,-1
52,-1,0,651,130,353,0.9992932,-1,-1,-1
52,-1,1548,648,42,121,0.9987853,-1,-1,-1
52,-1,1478,653,59,122,0.9974070,-1,-1,-1
53,-1,1232,634,218,376,0.9997815,-1,-1,-1
53,-1,1,647,129,356,0.9993363,-1,-1,-1
53,-1,1549,647,41,120,0.9983900,-1,-1,-1
53,-1,1481,655,57,121,0.9961967,-1,-1,-1
54,-1,1239,636,206,371,0.9997626,-1,-1,-1
54,-1,1,641,130,365,0.9992366,-1,-1,-1
54,-1,1549,646,44,123,0.9986587,-1,-1,-1
54,-1,1484,653,55,122,0.9973745,-1,-1,-1
55,-1,1246,638,192,368,0.9997103,-1,-1,-1
55,-1,0,645,134,365,0.9992454,-1,-1,-1
55,-1,1483,653,58,122,0.9989623,-1,-1,-1
55,-1,1550,645,45,128,0.9987357,-1,-1,-1
55,-1,1902,658,18,62,0.7902439,-1,-1,-1
56,-1,1242,639,193,372,0.9997951,-1,-1,-1
56,-1,4,643,136,369,0.9993893,-1,-1,-1
56,-1,1488,649,53,126,0.9993122,-1,-1,-1
56,-1,1550,646,48,128,0.9976494,-1,-1,-1
56,-1,1899,659,21,69,0.8495422,-1,-1,-1
57,-1,1241,631,172,377,0.9998738,-1,-1,-1
57,-1,1492,647,49,128,0.9994979,-1,-1,-1
57,-1,13,640,137,368,0.9994020,-1,-1,-1
57,-1,1553,645,47,130,0.9978760,-1,-1,-1
57,-1,1894,655,26,111,0.9458693,-1,-1,-1
58,-1,1231,632,164,376,0.9997488,-1,-1,-1
58,-1,25,639,130,372,0.9995313,-1,-1,-1
58,-1,1497,646,45,130,0.9993539,-1,-1,-1
58,-1,1555,646,45,127,0.9977542,-1,-1,-1
58,-1,1890,658,30,106,0.9728144,-1,-1,-1
59,-1,1227,635,146,375,0.9997184,-1,-1,-1
59,-1,32,639,133,374,0.9994049,-1,-1,-1
59,-1,1501,647,43,126,0.9993010,-1,-1,-1
59,-1,1557,646,46,124,0.9982330,-1,-1,-1
59,-1,1888,655,32,106,0.9837045,-1,-1,-1
60,-1,1223,634,124,375,0.9994906,-1,-1,-1
60,-1,41,645,135,367,0.9994287,-1,-1,-1
60,-1,1504,646,40,129,0.9991245,-1,-1,-1
60,-1,1558,646,45,125,0.9983882,-1,-1,-1
60,-1,1882,660,37,101,0.9908695,-1,-1,-1
61,-1,47,642,135,373,0.9996827,-1,-1,-1
61,-1,1210,630,113,379,0.9996508,-1,-1,-1
61,-1,1505,648,40,127,0.9990458,-1,-1,-1
61,-1,1559,645,44,127,0.9989849,-1,-1,-1
61,-1,1880,662,38,99,0.9949998,-1,-1,-1
61,-1,1334,666,20,47,0.7700832,-1,-1,-1
62,-1,56,643,127,373,0.9996163,-1,-1,-1
62,-1,1191,631,120,379,0.9996161,-1,-1,-1
62,-1,1507,649,39,125,0.9992617,-1,-1,-1
62,-1,1559,645,45,127,0.9990458,-1,-1,-1
62,-1,1877,661,41,101,0.9973712,-1,-1,-1
62,-1,1335,666,18,47,0.7877955,-1,-1,-1
63,-1,1173,632,131,366,0.9998316,-1,-1,-1
63,-1,59,643,127,372,0.9997291,-1,-1,-1
63,-1,1507,651,40,123,0.9992791,-1,-1,-1
63,-1,1559,645,45,130,0.9992532,-1,-1,-1
63,-1,1876,661,43,101,0.9975415,-1,-1,-1
63,-1,1334,664,21,48,0.8801853,-1,-1,-1
64,-1,1156,637,147,369,0.9998984,-1,-1,-1
64,-1,63,638,133,377,0.9995311,-1,-1,-1
64,-1,1561,644,43,130,0.9992755,-1,-1,-1
64,-1,1507,652,43,120,0.9990653,-1,-1,-1
64,-1,1874,660,44,100,0.9969117,-1,-1,-1
64,-1,1332,662,23,50,0.9291761,-1,-1,-1
65,-1,1141,641,163,365,0.9997571,-1,-1,-1
65,-1,67,639,140,375,0.9996492,-1,-1,-1
65,-1,1507,650,45,125,0.9992472,-1,-1,-1
65,-1,1562,645,44,130,0.9992299,-1,-1,-1
65,-1,1872,660,45,99,0.9970936,-1,-1,-1
65,-1,1333,662,22,50,0.8790591,-1,-1,-1
66,-1,1122,644,180,361,0.9998145,-1,-1,-1
66,-1,70,639,145,374,0.9995623,-1,-1,-1
66,-1,1509,651,46,126,0.9993493,-1,-1,-1
66,-1,1564,646,42,128,0.9988004,-1,-1,-1
66,-1,1869,660,45,100,0.9952148,-1,-1,-1
66,-1,1333,663,22,50,0.9152799,-1,-1,-1
67,-1,1112,648,187,346,0.9998030,-1,-1,-1
67,-1,73,646,145,364,0.9996101,-1,-1,-1
67,-1,1510,651,46,124,0.9994318,-1,-1,-1
67,-1,1565,645,43,129,0.9982958,-1,-1,-1
67,-1,1869,661,42,96,0.9955533,-1,-1,-1
67,-1,1331,664,24,48,0.8448961,-1,-1,-1
68,-1,1101,650,197,347,0.9998388,-1,-1,-1
68,-1,79,641,147,374,0.9995547,-1,-1,-1
68,-1,1512,650,45,126,0.9994981,-1,-1,-1
68,-1,1868,661,41,98,0.9981176,-1,-1,-1
68,-1,1570,646,37,127,0.9979516,-1,-1,-1
68,-1,1332,664,22,48,0.8285241,-1,-1,-1
69,-1,1094,653,207,351,0.9998068,-1,-1,-1
69,-1,83,648,146,367,0.9996257,-1,-1,-1
69,-1,1513,650,44,125,0.9994679,-1,-1,-1
69,-1,1865,662,42,101,0.9982498,-1,-1,-1
69,-1,1570,646,39,124,0.9970486,-1,-1,-1
69,-1,1330,664,23,47,0.8700866,-1,-1,-1
70,-1,1089,657,211,351,0.9998803,-1,-1,-1
70,-1,1514,652,45,123,0.9996015,-1,-1,-1
70,-1,90,644,141,374,0.9994317,-1,-1,-1
70,-1,1862,663,44,99,0.9980091,-1,-1,-1
70,-1,1572,646,41,119,0.9938568,-1,-1,-1
70,-1,1330,665,23,46,0.8427035,-1,-1,-1
71,-1,1084,652,208,354,0.9998449,-1,-1,-1
71,-1,1515,652,45,123,0.9996471,-1,-1,-1
71,-1,97,640,136,375,0.9994377,-1,-1,-1
71,-1,1572,642,43,131,0.9979649,-1,-1,-1
71,-1,1859,666,48,95,0.9979222,-1,-1,-1
71,-1,1330,663,23,48,0.9022676,-1,-1,-1
72,-1,1084,649,194,354,0.9998397,-1,-1,-1
72,-1,1516,651,45,125,0.9997323,-1,-1,-1
72,-1,106,640,130,376,0.9992306,-1,-1,-1
72,-1,1853,664,55,97,0.9979507,-1,-1,-1
72,-1,1573,641,47,134,0.9977674,-1,-1,-1
72,-1,1331,663,22,49,0.8594381,-1,-1,-1
73,-1,1083,643,175,359,0.9997483,-1,-1,-1
73,-1,1517,649,45,126,0.9996951,-1,-1,-1
73,-1,115,638,124,378,0.9992166,-1,-1,-1
73,-1,1847,662,57,99,0.9974424,-1,-1,-1
73,-1,1574,641,48,134,0.9970852,-1,-1,-1
73,-1,1329,662,23,50,0.8067167,-1,-1,-1
74,-1,1085,646,150,352,0.9996260,-1,-1,-1
74,-1,121,638,124,377,0.9994076,-1,-1,-1
74,-1,1519,648,43,128,0.9992757,-1,-1,-1
74,-1,1573,640,53,136,0.9983078,-1,-1,-1
74,-1,1844,662,60,99,0.9977338,-1,-1,-1
74,-1,1328,660,25,52,0.7237701,-1,-1,-1
75,-1,1089,643,130,355,0.9994899,-1,-1,-1
75,-1,129,636,121,382,0.9993050,-1,-1,-1
75,-1,1521,650,43,126,0.9991915,-1,-1,-1
75,-1,1577,642,58,137,0.9990380,-1,-1,-1
75,-1,1843,662,62,99,0.9979786,-1,-1,-1
76,-1,1084,634,110,357,0.9994185,-1,-1,-1
76,-1,1523,648,43,131,0.9994147,-1,-1,-1
76,-1,1577,644,61,135,0.9992933,-1,-1,-1
76,-1,136,632,120,380,0.9990222,-1,-1,-1
76,-1,1842,662,59,98,0.9964243,-1,-1,-1
77,-1,1580,648,60,131,0.9994150,-1,-1,-1
77,-1,1073,630,102,359,0.9993874,-1,-1,-1
77,-1,146,630,122,385,0.9993456,-1,-1,-1
77,-1,1526,646,41,132,0.9989536,-1,-1,-1
77,-1,1843,665,55,96,0.9943578,-1,-1,-1
78,-1,1058,633,109,364,0.9995713,-1,-1,-1
78,-1,154,631,118,386,0.9993963,-1,-1,-1
78,-1,1581,647,57,132,0.9993197,-1,-1,-1
78,-1,1529,643,39,135,0.9992390,-1,-1,-1
78,-1,1840,665,49,96,0.9922206,-1,-1,-1
79,-1,1051,630,112,369,0.9997397,-1,-1,-1
79,-1,1527,644,43,133,0.9994492,-1,-1,-1
79,-1,158,639,119,367,0.9993406,-1,-1,-1
79,-1,1583,646,56,133,0.9993309,-1,-1,-1
79,-1,1835,663,48,99,0.9936930,-1,-1,-1
80,-1,1031,635,126,365,0.9998549,-1,-1,-1
80,-1,165,634,124,382,0.9995340,-1,-1,-1
80,-1,1524,645,47,133,0.9994149,-1,-1,-1
80,-1,1585,645,56,134,0.9992470,-1,-1,-1
80,-1,1835,662,46,100,0.9962900,-1,-1,-1
81,-1,1001,640,156,356,0.9998544,-1,-1,-1
81,-1,167,636,139,379,0.9994829,-1,-1,-1
81,-1,1519,646,53,131,0.9994537,-1,-1,-1
81,-1,1587,645,55,134,0.9993400,-1,-1,-1
81,-1,1831,657,47,105,0.9974499,-1,-1,-1
82,-1,976,646,182,351,0.9998323,-1,-1,-1
82,-1,1518,646,59,133,0.9997111,-1,-1,-1
82,-1,169,636,153,380,0.9993967,-1,-1,-1
82,-1,1592,646,49,132,0.9991195,-1,-1,-1
82,-1,1824,657,49,103,0.9968626,-1,-1,-1
83,-1,962,646,193,350,0.9998564,-1,-1,-1
83,-1,1515,648,62,130,0.9996648,-1,-1,-1
83,-1,171,638,162,378,0.9993999,-1,-1,-1
83,-1,1594,646,47,131,0.9991432,-1,-1,-1
83,-1,1820,656,49,102,0.9953645,-1,-1,-1
84,-1,950,648,202,346,0.9998134,-1,-1,-1
84,-1,1515,650,62,128,0.9995539,-1,-1,-1
84,-1,173,639,161,373,0.9994941,-1,-1,-1
84,-1,1597,640,44,139,0.9992067,-1,-1,-1
84,-1,1821,656,45,101,0.9964484,-1,-1,-1
85,-1,948,648,203,345,0.9998268,-1,-1,-1
85,-1,1510,649,69,131,0.9997461,-1,-1,-1
85,-1,175,642,163,376,0.9996197,-1,-1,-1
85,-1,1598,636,44,144,0.9992506,-1,-1,-1
85,-1,1819,658,45,98,0.9959732,-1,-1,-1
86,-1,946,647,203,348,0.9997831,-1,-1,-1
86,-1,1510,649,70,131,0.9997512,-1,-1,-1
86,-1,176,639,172,376,0.9993623,-1,-1,-1
86,-1,1600,637,43,144,0.9991812,-1,-1,-1
86,-1,1817,660,47,99,0.9921519,-1,-1,-1
87,-1,1511,650,70,130,0.9997205,-1,-1,-1
87,-1,947,657,201,337,0.9995577,-1,-1,-1
87,-1,176,637,176,377,0.9994765,-1,-1,-1
87,-1,1601,637,44,145,0.9994399,-1,-1,-1
87,-1,1816,661,46,98,0.9929442,-1,-1,-1
88,-1,1510,648,72,133,0.9997469,-1,-1,-1
88,-1,951,657,187,338,0.9996358,-1,-1,-1
88,-1,178,638,184,377,0.9996229,-1,-1,-1
88,-1,1603,638,44,142,0.9993876,-1,-1,-1
88,-1,1812,663,50,96,0.9937674,-1,-1,-1
89,-1,187,640,166,374,0.9996879,-1,-1,-1
89,-1,949,637,174,356,0.9996659,-1,-1,-1
89,-1,1514,648,69,134,0.9996582,-1,-1,-1
89,-1,1605,640,44,140,0.9992674,-1,-1,-1
89,-1,1809,660,54,102,0.9941104,-1,-1,-1
90,-1,947,637,156,352,0.9996639,-1,-1,-1
90,-1,193,634,160,381,0.9995598,-1,-1,-1
90,-1,1521,648,62,133,0.9993764,-1,-1,-1
90,-1,1607,640,46,142,0.9989731,-1,-1,-1
90,-1,1807,662,52,99,0.9958586,-1,-1,-1
91,-1,938,635,138,357,0.9996653,-1,-1,-1
91,-1,1530,646,56,135,0.9996611,-1,-1,-1
91,-1,205,625,157,388,0.9995659,-1,-1,-1
91,-1,1607,641,47,143,0.9988826,-1,-1,-1
91,-1,1802,662,50,96,0.9940904,-1,-1,-1
92,-1,213,625,152,391,0.9996146,-1,-1,-1
92,-1,1534,645,52,137,0.9995529,-1,-1,-1
92,-1,931,629,116,366,0.9994611,-1,-1,-1
92,-1,1607,646,49,139,0.9984375,-1,-1,-1
92,-1,1800,664,44,93,0.9881236,-1,-1,-1
93,-1,1536,644,51,138,0.9996337,-1,-1,-1
93,-1,225,633,141,385,0.9995383,-1,-1,-1
93,-1,921,632,107,362,0.9992275,-1,-1,-1
93,-1,1608,647,49,138,0.9985159,-1,-1,-1
93,-1,1798,664,44,94,0.9932525,-1,-1,-1
94,-1,239,630,135,387,0.9996819,-1,-1,-1
94,-1,1542,645,47,134,0.9994795,-1,-1,-1
94,-1,903,634,110,361,0.9994098,-1,-1,-1
94,-1,1609,646,52,138,0.9985251,-1,-1,-1
94,-1,1795,663,47,94,0.9876561,-1,-1,-1
95,-1,256,627,124,390,0.9996676,-1,-1,-1
95,-1,891,639,118,354,0.9993926,-1,-1,-1
95,-1,1546,644,43,135,0.9993441,-1,-1,-1
95,-1,1613,647,48,138,0.9983128,-1,-1,-1
95,-1,1795,662,42,95,0.9960283,-1,-1,-1
96,-1,265,634,122,375,0.9997156,-1,-1,-1
96,-1,876,640,128,353,0.9996414,-1,-1,-1
96,-1,1546,645,47,136,0.9993730,-1,-1,-1
96,-1,1613,646,49,138,0.9977176,-1,-1,-1
96,-1,1793,661,43,97,0.9969633,-1,-1,-1
97,-1,274,634,118,384,0.9997645,-1,-1,-1
97,-1,856,644,148,344,0.9997100,-1,-1,-1
97,-1,1548,645,46,135,0.9990545,-1,-1,-1
97,-1,1614,646,51,136,0.9975793,-1,-1,-1
97,-1,1792,662,42,98,0.9968082,-1,-1,-1
98,-1,280,629,125,391,0.9998083,-1,-1,-1
98,-1,839,645,167,340,0.9996446,-1,-1,-1
98,-1,1549,645,49,135,0.9988739,-1,-1,-1
98,-1,1614,644,53,138,0.9988365,-1,-1,-1
98,-1,1791,664,44,95,0.9959590,-1,-1,-1
99,-1,288,629,127,396,0.9997614,-1,-1,-1
99,-1,827,647,179,339,0.9996219,-1,-1,-1
99,-1,1549,646,50,136,0.9990597,-1,-1,-1
99,-1,1619,642,49,140,0.9985905,-1,-1,-1
99,-1,1791,665,43,94,0.9904760,-1,-1,-1
100,-1,291,627,133,394,0.9997761,-1,-1,-1
100,-1,817,651,194,337,0.9996855,-1,-1,-1
100,-1,1549,646,53,137,0.9992844,-1,-1,-1
100,-1,1619,641,53,141,0.9985200,-1,-1,-1
100,-1,1784,663,53,97,0.9937716,-1,-1,-1
101,-1,296,630,139,393,0.9998098,-1,-1,-1
101,-1,808,653,198,337,0.9998034,-1,-1,-1
101,-1,1549,648,56,135,0.9992384,-1,-1,-1
101,-1,1620,641,54,143,0.9991826,-1,-1,-1
101,-1,1784,666,49,93,0.9776167,-1,-1,-1
102,-1,802,651,197,339,0.9998133,-1,-1,-1
102,-1,300,630,148,391,0.9997556,-1,-1,-1
102,-1,1551,648,54,136,0.9993863,-1,-1,-1
102,-1,1624,641,50,143,0.9989992,-1,-1,-1
102,-1,1783,665,46,93,0.9725305,-1,-1,-1
102,-1,1271,698,22,38,0.7882428,-1,-1,-1
103,-1,797,649,192,341,0.9998388,-1,-1,-1
103,-1,302,630,151,389,0.9998117,-1,-1,-1
103,-1,1553,648,52,137,0.9994596,-1,-1,-1
103,-1,1624,642,54,145,0.9991648,-1,-1,-1
103,-1,1780,661,37,97,0.9611163,-1,-1,-1
104,-1,306,631,163,391,0.9998081,-1,-1,-1
104,-1,796,646,180,340,0.9996943,-1,-1,-1
104,-1,1557,648,49,137,0.9993359,-1,-1,-1
104,-1,1626,643,56,145,0.9990377,-1,-1,-1
104,-1,1778,658,34,101,0.9521492,-1,-1,-1
105,-1,795,646,163,340,0.9997154,-1,-1,-1
105,-1,311,628,163,394,0.9997097,-1,-1,-1
105,-1,1560,647,47,138,0.9994329,-1,-1,-1
105,-1,1626,642,64,148,0.9990508,-1,-1,-1
105,-1,1776,660,36,97,0.9719516,-1,-1,-1
106,-1,320,635,153,392,0.9998406,-1,-1,-1
106,-1,797,642,135,345,0.9993964,-1,-1,-1
106,-1,1559,650,47,134,0.9992296,-1,-1,-1
106,-1,1629,643,67,147,0.9990146,-1,-1,-1
106,-1,1773,658,37,101,0.9825716,-1,-1,-1
107,-1,321,630,152,397,0.9997892,-1,-1,-1
107,-1,1560,649,47,135,0.9993464,-1,-1,-1
107,-1,795,639,123,348,0.9992441,-1,-1,-1
107,-1,1629,649,72,144,0.9991806,-1,-1,-1
107,-1,1770,661,32,95,0.9800300,-1,-1,-1
108,-1,337,630,133,393,0.9998184,-1,-1,-1
108,-1,1630,649,70,142,0.9995381,-1,-1,-1
108,-1,1562,648,46,136,0.9992902,-1,-1,-1
108,-1,789,643,111,340,0.9990430,-1,-1,-1
108,-1,1769,661,32,97,0.9813938,-1,-1,-1
109,-1,349,629,127,397,0.9998122,-1,-1,-1
109,-1,1631,644,69,147,0.9995099,-1,-1,-1
109,-1,1562,647,48,138,0.9994588,-1,-1,-1
109,-1,780,642,107,345,0.9989003,-1,-1,-1
109,-1,1769,661,33,99,0.9509088,-1,-1,-1
110,-1,362,628,122,396,0.9997652,-1,-1,-1
110,-1,1634,642,68,150,0.9995420,-1,-1,-1
110,-1,1565,643,45,143,0.9994480,-1,-1,-1
110,-1,774,640,111,347,0.9991671,-1,-1,-1
110,-1,1272,697,23,39,0.7700759,-1,-1,-1
111,-1,371,626,122,392,0.9996793,-1,-1,-1
111,-1,1566,644,43,141,0.9995086,-1,-1,-1
111,-1,1638,641,64,152,0.9994897,-1,-1,-1
111,-1,762,640,119,344,0.9993504,-1,-1,-1
112,-1,1567,645,42,140,0.9997060,-1,-1,-1
112,-1,381,625,118,403,0.9995913,-1,-1,-1
112,-1,736,646,142,337,0.9995813,-1,-1,-1
112,-1,1643,640,60,151,0.9993942,-1,-1,-1
113,-1,391,623,119,403,0.9996799,-1,-1,-1
113,-1,702,652,173,330,0.9992655,-1,-1,-1
113,-1,1647,638,57,153,0.9991875,-1,-1,-1
113,-1,1571,641,40,147,0.9985598,-1,-1,-1
114,-1,401,625,117,401,0.9996659,-1,-1,-1
114,-1,1570,641,41,148,0.9993498,-1,-1,-1
114,-1,688,652,183,330,0.9991587,-1,-1,-1
114,-1,1652,639,53,152,0.9982901,-1,-1,-1
115,-1,402,621,125,402,0.9996803,-1,-1,-1
115,-1,1567,642,46,149,0.9996475,-1,-1,-1
115,-1,674,654,198,326,0.9993134,-1,-1,-1
115,-1,1654,638,51,156,0.9991388,-1,-1,-1
116,-1,406,623,134,398,0.9997395,-1,-1,-1
116,-1,1561,642,55,149,0.9996636,-1,-1,-1
116,-1,671,655,202,327,0.9996002,-1,-1,-1
116,-1,1657,638,48,154,0.9987584,-1,-1,-1
117,-1,408,623,150,397,0.9997620,-1,-1,-1
117,-1,1558,644,59,148,0.9995548,-1,-1,-1
117,-1,669,652,202,329,0.9995031,-1,-1,-1
117,-1,1660,638,45,156,0.9992968,-1,-1,-1
118,-1,406,625,169,398,0.9998098,-1,-1,-1
118,-1,671,652,192,328,0.9994352,-1,-1,-1
118,-1,1557,643,63,149,0.9993203,-1,-1,-1
118,-1,1661,639,45,150,0.9989821,-1,-1,-1
119,-1,406,629,184,394,0.9996971,-1,-1,-1
119,-1,677,654,183,325,0.9994850,-1,-1,-1
119,-1,1554,644,70,150,0.9994811,-1,-1,-1
119,-1,1662,641,46,142,0.9983457,-1,-1,-1
120,-1,403,631,205,392,0.9997506,-1,-1,-1
120,-1,676,653,171,328,0.9993082,-1,-1,-1
120,-1,1556,643,65,152,0.9992223,-1,-1,-1
120,-1,1663,641,48,151,0.9983919,-1,-1,-1
121,-1,404,631,207,393,0.9997837,-1,-1,-1
121,-1,667,651,155,330,0.9995147,-1,-1,-1
121,-1,1555,646,68,148,0.9993636,-1,-1,-1
121,-1,1665,642,53,156,0.9979874,-1,-1,-1
122,-1,401,633,207,393,0.9998252,-1,-1,-1
122,-1,658,645,141,336,0.9994260,-1,-1,-1
122,-1,1557,649,66,145,0.9991079,-1,-1,-1
122,-1,1666,643,54,155,0.9974100,-1,-1,-1
122,-1,1732,664,36,94,0.8052893,-1,-1,-1
123,-1,407,632,207,394,0.9998093,-1,-1,-1
123,-1,645,645,128,342,0.9993510,-1,-1,-1
123,-1,1563,648,67,146,0.9991801,-1,-1,-1
123,-1,1670,644,53,151,0.9980723,-1,-1,-1
123,-1,1732,664,34,96,0.8196056,-1,-1,-1
124,-1,408,631,199,393,0.9997744,-1,-1,-1
124,-1,1564,647,71,147,0.9995065,-1,-1,-1
124,-1,627,643,130,347,0.9994920,-1,-1,-1
124,-1,1669,646,56,154,0.9983506,-1,-1,-1
124,-1,1727,662,38,97,0.9386749,-1,-1,-1
125,-1,416,631,189,394,0.9997485,-1,-1,-1
125,-1,1571,647,66,146,0.9995250,-1,-1,-1
125,-1,610,644,135,345,0.9994947,-1,-1,-1
125,-1,1673,643,55,155,0.9987760,-1,-1,-1
125,-1,1,775,73,126,0.9493376,-1,-1,-1
125,-1,1720,663,41,97,0.8828027,-1,-1,-1
126,-1,1575,645,61,148,0.9995493,-1,-1,-1
126,-1,422,632,189,391,0.9995105,-1,-1,-1
126,-1,590,645,151,350,0.9993052,-1,-1,-1
126,-1,1675,643,54,156,0.9986426,-1,-1,-1
126,-1,2,592,111,306,0.9922391,-1,-1,-1
126,-1,1720,664,40,98,0.7873794,-1,-1,-1
127,-1,434,631,184,395,0.9995157,-1,-1,-1
127,-1,591,647,144,347,0.9995081,-1,-1,-1
127,-1,1578,643,57,150,0.9994820,-1,-1,-1
127,-1,1676,645,53,154,0.9981421,-1,-1,-1
127,-1,1,588,156,318,0.9964335,-1,-1,-1
127,-1,1718,663,41,102,0.8365869,-1,-1,-1
128,-1,599,640,131,347,0.9995872,-1,-1,-1
128,-1,454,632,166,391,0.9995327,-1,-1,-1
128,-1,1582,643,53,148,0.9993603,-1,-1,-1
128,-1,3,581,193,321,0.9989563,-1,-1,-1
128,-1,1677,644,57,156,0.9984945,-1,-1,-1
128,-1,1717,661,44,102,0.7469265,-1,-1,-1
129,-1,470,629,152,397,0.9996132,-1,-1,-1
129,-1,1586,642,50,149,0.9994472,-1,-1,-1
129,-1,0,578,235,355,0.9992306,-1,-1,-1
129,-1,596,650,134,338,0.9991640,-1,-1,-1
129,-1,1676,640,60,160,0.9983063,-1,-1,-1
130,-1,0,578,266,468,0.9997256,-1,-1,-1
130,-1,489,628,137,397,0.9996031,-1,-1,-1
130,-1,1586,643,51,149,0.9994308,-1,-1,-1
130,-1,593,649,136,343,0.9991720,-1,-1,-1
130,-1,1678,640,61,158,0.9964280,-1,-1,-1
131,-1,0,580,319,483,0.9997666,-1,-1,-1
131,-1,511,624,123,401,0.9995102,-1,-1,-1
131,-1,1587,641,50,150,0.9994934,-1,-1,-1
131,-1,605,639,122,353,0.9989215,-1,-1,-1
131,-1,1685,641,59,154,0.9952036,-1,-1,-1
132,-1,5,586,356,484,0.9997792,-1,-1,-1
132,-1,1587,642,51,151,0.9995173,-1,-1,-1
132,-1,531,626,121,402,0.9990944,-1,-1,-1
132,-1,1686,641,60,155,0.9971927,-1,-1,-1
132,-1,614,640,112,354,0.9952416,-1,-1,-1
132,-1,1273,696,22,43,0.7214744,-1,-1,-1
133,-1,44,578,345,500,0.9996912,-1,-1,-1
133,-1,1587,644,52,149,0.9993649,-1,-1,-1
133,-1,542,622,159,398,0.9985928,-1,-1,-1
133,-1,1687,641,61,158,0.9981572,-1,-1,-1
134,-1,84,575,354,493,0.9998093,-1,-1,-1
134,-1,541,624,169,404,0.9995165,-1,-1,-1
134,-1,1587,644,54,150,0.9993696,-1,-1,-1
134,-1,1686,638,64,163,0.9969279,-1,-1,-1
135,-1,528,625,158,407,0.9997652,-1,-1,-1
135,-1,132,572,347,487,0.9996933,-1,-1,-1
135,-1,1588,644,55,152,0.9992950,-1,-1,-1
135,-1,1687,640,62,162,0.9971201,-1,-1,-1
136,-1,534,633,158,399,0.9996091,-1,-1,-1
136,-1,170,561,359,514,0.9993488,-1,-1,-1
136,-1,1590,645,53,150,0.9992179,-1,-1,-1
136,-1,1689,641,62,160,0.9969920,-1,-1,-1
137,-1,545,632,171,399,0.9997268,-1,-1,-1
137,-1,221,574,352,495,0.9993265,-1,-1,-1
137,-1,1592,649,50,147,0.9990084,-1,-1,-1
137,-1,1692,644,59,156,0.9979154,-1,-1,-1
137,-1,529,644,83,240,0.9016463,-1,-1,-1
138,-1,267,567,351,506,0.9996697,-1,-1,-1
138,-1,554,627,171,411,0.9995678,-1,-1,-1
138,-1,1594,650,48,145,0.9988951,-1,-1,-1
138,-1,1693,645,62,155,0.9974936,-1,-1,-1
138,-1,546,644,77,241,0.9655592,-1,-1,-1
139,-1,302,566,376,513,0.9994486,-1,-1,-1
139,-1,583,625,151,404,0.9989467,-1,-1,-1
139,-1,1595,650,47,147,0.9985105,-1,-1,-1
139,-1,1695,648,61,152,0.9978624,-1,-1,-1
139,-1,558,631,62,144,0.8956062,-1,-1,-1
140,-1,1595,646,49,150,0.9990759,-1,-1,-1
140,-1,363,561,337,519,0.9989566,-1,-1,-1
140,-1,1698,647,60,151,0.9988891,-1,-1,-1
140,-1,604,625,130,379,0.9899085,-1,-1,-1
141,-1,404,555,351,522,0.9995208,-1,-1,-1
141,-1,1597,647,48,150,0.9992399,-1,-1,-1
141,-1,1700,646,61,155,0.9991876,-1,-1,-1
142,-1,460,544,353,528,0.9996952,-1,-1,-1
142,-1,1599,645,50,154,0.9994614,-1,-1,-1
142,-1,1703,642,61,159,0.9992230,-1,-1,-1
142,-1,1672,662,34,65,0.7723336,-1,-1,-1
143,-1,515,547,359,533,0.9996753,-1,-1,-1
143,-1,1602,644,48,155,0.9994056,-1,-1,-1
143,-1,1706,643,61,157,0.9993223,-1,-1,-1
143,-1,497,639,92,323,0.9711578,-1,-1,-1
143,-1,1687,671,26,62,0.7447920,-1,-1,-1
144,-1,579,540,341,533,0.9996712,-1,-1,-1
144,-1,1708,639,60,161,0.9993790,-1,-1,-1
144,-1,1604,643,46,155,0.9992645,-1,-1,-1
144,-1,462,645,139,334,0.9987906,-1,-1,-1
144,-1,1685,667,29,86,0.8395645,-1,-1,-1
145,-1,641,540,325,533,0.9997039,-1,-1,-1
145,-1,438,645,159,335,0.9996343,-1,-1,-1
145,-1,1711,639,57,161,0.9993369,-1,-1,-1
145,-1,1604,643,46,155,0.9992035,-1,-1,-1
145,-1,1691,668,30,90,0.8683805,-1,-1,-1
146,-1,691,535,328,540,0.9996732,-1,-1,-1
146,-1,424,650,177,331,0.9995936,-1,-1,-1
146,-1,1605,641,47,158,0.9991158,-1,-1,-1
146,-1,1714,637,55,163,0.9989774,-1,-1,-1
146,-1,657,625,91,284,0.9858508,-1,-1,-1
146,-1,1691,677,30,81,0.7313401,-1,-1,-1
147,-1,413,651,197,330,0.9995493,-1,-1,-1
147,-1,766,536,301,519,0.9995108,-1,-1,-1
147,-1,1716,638,54,163,0.9989189,-1,-1,-1
147,-1,1604,645,49,154,0.9989110,-1,-1,-1
147,-1,665,626,104,288,0.9957981,-1,-1,-1
147,-1,1688,678,31,79,0.7264029,-1,-1,-1
148,-1,411,652,200,330,0.9996295,-1,-1,-1
148,-1,666,626,110,395,0.9994923,-1,-1,-1
148,-1,1718,638,54,162,0.9993132,-1,-1,-1
148,-1,831,543,299,511,0.9993058,-1,-1,-1
148,-1,1600,641,55,160,0.9987633,-1,-1,-1
148,-1,1683,677,32,83,0.7937552,-1,-1,-1
148,-1,1276,686,20,55,0.7682588,-1,-1,-1
149,-1,402,651,204,328,0.9995742,-1,-1,-1
149,-1,677,627,111,398,0.9991762,-1,-1,-1
149,-1,889,547,301,514,0.9987168,-1,-1,-1
149,-1,1717,643,57,157,0.9984576,-1,-1,-1
149,-1,1598,641,60,160,0.9980989,-1,-1,-1
150,-1,949,541,301,515,0.9993748,-1,-1,-1
150,-1,406,654,192,323,0.9992740,-1,-1,-1
150,-1,687,619,109,415,0.9992703,-1,-1,-1
150,-1,1596,642,63,159,0.9981923,-1,-1,-1
150,-1,1720,640,54,159,0.9978270,-1,-1,-1
151,-1,401,651,190,325,0.9995582,-1,-1,-1
151,-1,694,616,112,415,0.9994807,-1,-1,-1
151,-1,1012,556,295,497,0.9991209,-1,-1,-1
151,-1,1605,646,56,155,0.9969587,-1,-1,-1
151,-1,1724,640,52,162,0.9967223,-1,-1,-1
152,-1,698,613,125,415,0.9997063,-1,-1,-1
152,-1,1083,549,305,516,0.9996464,-1,-1,-1
152,-1,399,652,176,321,0.9993012,-1,-1,-1
152,-1,1725,643,53,161,0.9974083,-1,-1,-1
152,-1,1604,648,56,155,0.9960346,-1,-1,-1
153,-1,700,619,150,410,0.9997038,-1,-1,-1
153,-1,1144,544,329,508,0.9997012,-1,-1,-1
153,-1,389,646,168,327,0.9995301,-1,-1,-1
153,-1,1725,643,54,161,0.9967174,-1,-1,-1
153,-1,1602,642,61,162,0.9958618,-1,-1,-1
154,-1,702,623,182,405,0.9997185,-1,-1,-1
154,-1,1214,550,325,508,0.9996575,-1,-1,-1
154,-1,375,648,154,328,0.9994723,-1,-1,-1
154,-1,1596,645,67,160,0.9971209,-1,-1,-1
154,-1,1725,644,55,162,0.9943672,-1,-1,-1
155,-1,1293,534,320,533,0.9997491,-1,-1,-1
155,-1,702,621,188,405,0.9996300,-1,-1,-1
155,-1,360,647,150,330,0.9994348,-1,-1,-1
155,-1,1599,645,66,159,0.9971349,-1,-1,-1
155,-1,1730,645,51,158,0.9957185,-1,-1,-1
156,-1,343,643,152,333,0.9996414,-1,-1,-1
156,-1,703,623,206,403,0.9996157,-1,-1,-1
156,-1,1367,523,317,544,0.9989777,-1,-1,-1
156,-1,1731,646,53,158,0.9976426,-1,-1,-1
156,-1,1618,659,43,142,0.9873199,-1,-1,-1
156,-1,1278,675,19,64,0.8006033,-1,-1,-1
157,-1,699,626,218,401,0.9997312,-1,-1,-1
157,-1,326,645,157,327,0.9996306,-1,-1,-1
157,-1,1449,514,319,555,0.9991452,-1,-1,-1
157,-1,1735,649,53,152,0.9983147,-1,-1,-1
157,-1,1275,672,24,61,0.8032904,-1,-1,-1
158,-1,699,624,215,412,0.9997904,-1,-1,-1
158,-1,307,645,165,325,0.9995516,-1,-1,-1
158,-1,1504,525,351,540,0.9991751,-1,-1,-1
158,-1,1276,673,23,59,0.8459679,-1,-1,-1
159,-1,699,625,227,404,0.9997640,-1,-1,-1
159,-1,1579,514,341,552,0.9997063,-1,-1,-1
159,-1,294,642,175,329,0.9996517,-1,-1,-1
159,-1,1275,676,23,63,0.8389181,-1,-1,-1
160,-1,704,622,217,403,0.9997562,-1,-1,-1
160,-1,288,643,178,326,0.9996102,-1,-1,-1
160,-1,1642,529,278,533,0.9979143,-1,-1,-1
160,-1,1603,649,58,107,0.9917322,-1,-1,-1
160,-1,1275,673,23,60,0.8564363,-1,-1,-1
161,-1,712,623,206,403,0.9997293,-1,-1,-1
161,-1,284,649,182,323,0.9997287,-1,-1,-1
161,-1,1613,645,58,162,0.9984717,-1,-1,-1
161,-1,1721,596,199,429,0.9512529,-1,-1,-1
161,-1,1274,674,23,59,0.9040434,-1,-1,-1
162,-1,282,651,180,321,0.9996480,-1,-1,-1
162,-1,727,621,194,406,0.9996327,-1,-1,-1
162,-1,1614,646,59,160,0.9980129,-1,-1,-1
162,-1,1744,643,53,157,0.9905999,-1,-1,-1
162,-1,1274,674,23,59,0.9114708,-1,-1,-1
163,-1,741,619,182,411,0.9996729,-1,-1,-1
163,-1,280,650,181,322,0.9996625,-1,-1,-1
163,-1,1619,640,57,165,0.9980419,-1,-1,-1
163,-1,1744,645,55,154,0.9926242,-1,-1,-1
163,-1,1863,665,57,215,0.9600168,-1,-1,-1
163,-1,1275,675,22,64,0.8527352,-1,-1,-1
164,-1,272,656,187,320,0.9997279,-1,-1,-1
164,-1,758,620,172,409,0.9996644,-1,-1,-1
164,-1,1621,643,55,161,0.9988446,-1,-1,-1
164,-1,1744,642,57,159,0.9967975,-1,-1,-1
164,-1,1276,676,21,64,0.8595780,-1,-1,-1
165,-1,773,617,160,415,0.9997305,-1,-1,-1
165,-1,269,659,185,318,0.9997131,-1,-1,-1
165,-1,1744,644,63,160,0.9984666,-1,-1,-1
165,-1,1624,640,54,164,0.9979140,-1,-1,-1
165,-1,1273,675,23,61,0.8013538,-1,-1,-1
166,-1,266,658,182,320,0.9996985,-1,-1,-1
166,-1,798,614,139,416,0.9996710,-1,-1,-1
166,-1,1744,645,66,159,0.9988176,-1,-1,-1
166,-1,1620,639,60,166,0.9970313,-1,-1,-1
167,-1,268,655,163,318,0.9994808,-1,-1,-1
167,-1,816,612,129,420,0.9994547,-1,-1,-1
167,-1,1746,645,68,161,0.9977785,-1,-1,-1
167,-1,1620,637,59,168,0.9964970,-1,-1,-1
167,-1,1272,676,23,61,0.7213280,-1,-1,-1
168,-1,266,652,139,319,0.9995545,-1,-1,-1
168,-1,842,613,109,420,0.9995213,-1,-1,-1
168,-1,1623,638,61,168,0.9986377,-1,-1,-1
168,-1,1747,648,67,158,0.9977551,-1,-1,-1
169,-1,263,642,133,333,0.9994935,-1,-1,-1
169,-1,855,610,108,425,0.9994547,-1,-1,-1
169,-1,1624,640,62,165,0.9991006,-1,-1,-1
169,-1,1749,647,65,159,0.9982152,-1,-1,-1
169,-1,1271,674,24,63,0.7852411,-1,-1,-1
170,-1,1622,642,67,164,0.9994661,-1,-1,-1
170,-1,862,613,114,418,0.9994138,-1,-1,-1
170,-1,260,639,133,329,0.9993361,-1,-1,-1
170,-1,1752,647,63,160,0.9984275,-1,-1,-1
170,-1,1272,678,23,63,0.8041860,-1,-1,-1
171,-1,862,614,127,420,0.9995236,-1,-1,-1
171,-1,1625,645,67,161,0.9993982,-1,-1,-1
171,-1,253,650,133,315,0.9993326,-1,-1,-1
171,-1,1756,648,61,159,0.9988939,-1,-1,-1
171,-1,1271,676,24,66,0.8700249,-1,-1,-1
172,-1,862,613,164,422,0.9997645,-1,-1,-1
172,-1,1624,645,67,161,0.9995182,-1,-1,-1
172,-1,1756,648,62,159,0.9990416,-1,-1,-1
172,-1,245,646,117,326,0.9989492,-1,-1,-1
172,-1,1274,677,20,62,0.8497970,-1,-1,-1
173,-1,863,615,175,421,0.9996545,-1,-1,-1
173,-1,1625,646,66,160,0.9996038,-1,-1,-1
173,-1,235,643,121,330,0.9986746,-1,-1,-1
173,-1,1757,649,66,156,0.9985386,-1,-1,-1
173,-1,1269,673,25,63,0.8442143,-1,-1,-1
174,-1,864,616,193,419,0.9997628,-1,-1,-1
174,-1,223,639,128,337,0.9991043,-1,-1,-1
174,-1,1628,648,65,157,0.9989672,-1,-1,-1
174,-1,1761,645,62,159,0.9983757,-1,-1,-1
174,-1,1615,667,28,77,0.7846500,-1,-1,-1
174,-1,1269,675,25,57,0.7474726,-1,-1,-1
175,-1,865,624,196,414,0.9997707,-1,-1,-1
175,-1,206,649,145,323,0.9994625,-1,-1,-1
175,-1,1630,649,63,157,0.9986657,-1,-1,-1
175,-1,1765,646,58,159,0.9984390,-1,-1,-1
175,-1,1270,677,25,63,0.7629656,-1,-1,-1
175,-1,1616,668,27,74,0.7286683,-1,-1,-1
176,-1,864,626,211,413,0.9997967,-1,-1,-1
176,-1,183,644,159,327,0.9993777,-1,-1,-1
176,-1,1765,641,60,164,0.9987558,-1,-1,-1
176,-1,1630,648,64,158,0.9986821,-1,-1,-1
176,-1,1615,671,27,73,0.8910597,-1,-1,-1
176,-1,1267,675,27,65,0.7048542,-1,-1,-1
177,-1,866,622,224,414,0.9997366,-1,-1,-1
177,-1,169,645,170,324,0.9995196,-1,-1,-1
177,-1,1767,640,61,167,0.9990448,-1,-1,-1
177,-1,1631,647,66,161,0.9989333,-1,-1,-1
177,-1,1617,669,25,76,0.9280723,-1,-1,-1
178,-1,872,624,225,413,0.9998568,-1,-1,-1
178,-1,157,651,188,316,0.9995036,-1,-1,-1
178,-1,1631,643,69,166,0.9992321,-1,-1,-1
178,-1,1769,639,59,169,0.9990067,-1,-1,-1
178,-1,1614,671,27,71,0.8435639,-1,-1,-1
179,-1,885,623,213,414,0.9998386,-1,-1,-1
179,-1,1635,642,65,166,0.9994845,-1,-1,-1
179,-1,152,651,189,317,0.9992319,-1,-1,-1
179,-1,1773,637,58,171,0.9987990,-1,-1,-1
179,-1,1612,670,29,76,0.8577682,-1,-1,-1
180,-1,907,619,179,417,0.9997956,-1,-1,-1
180,-1,1637,643,62,165,0.9994499,-1,-1,-1
180,-1,151,651,182,318,0.9993736,-1,-1,-1
180,-1,1775,638,58,170,0.9982943,-1,-1,-1
180,-1,1607,669,38,79,0.8906361,-1,-1,-1
181,-1,921,615,165,421,0.9997123,-1,-1,-1
181,-1,146,653,192,318,0.9995180,-1,-1,-1
181,-1,1639,641,59,166,0.9991374,-1,-1,-1
181,-1,1777,644,57,161,0.9973766,-1,-1,-1
181,-1,1606,670,37,74,0.9512168,-1,-1,-1
182,-1,940,619,143,417,0.9996099,-1,-1,-1
182,-1,1640,639,58,170,0.9995344,-1,-1,-1
182,-1,144,655,186,314,0.9993213,-1,-1,-1
182,-1,1778,643,57,167,0.9973459,-1,-1,-1
182,-1,1604,668,33,86,0.9852914,-1,-1,-1
183,-1,964,611,123,422,0.9995945,-1,-1,-1
183,-1,1641,640,58,168,0.9994516,-1,-1,-1
183,-1,147,652,176,315,0.9989722,-1,-1,-1
183,-1,1780,645,55,164,0.9958435,-1,-1,-1
183,-1,1603,669,38,83,0.9942521,-1,-1,-1
184,-1,981,609,117,430,0.9996069,-1,-1,-1
184,-1,1640,641,59,168,0.9992435,-1,-1,-1
184,-1,143,646,160,321,0.9986200,-1,-1,-1
184,-1,1602,669,38,83,0.9962590,-1,-1,-1
184,-1,1782,646,54,163,0.9961201,-1,-1,-1
185,-1,992,608,115,433,0.9997376,-1,-1,-1
185,-1,1640,641,60,169,0.9993309,-1,-1,-1
185,-1,134,646,143,324,0.9983858,-1,-1,-1
185,-1,1600,669,39,84,0.9975635,-1,-1,-1
185,-1,1783,652,55,154,0.9905924,-1,-1,-1
186,-1,1002,607,110,435,0.9998032,-1,-1,-1
186,-1,1638,640,64,170,0.9994158,-1,-1,-1
186,-1,125,641,133,329,0.9986694,-1,-1,-1
186,-1,1598,669,38,83,0.9961461,-1,-1,-1
186,-1,1786,646,53,163,0.9949138,-1,-1,-1
187,-1,1009,603,121,433,0.9997860,-1,-1,-1
187,-1,1637,641,66,170,0.9996811,-1,-1,-1
187,-1,118,647,124,324,0.9984475,-1,-1,-1
187,-1,1599,670,37,81,0.9952631,-1,-1,-1
187,-1,1788,642,55,166,0.9948490,-1,-1,-1
188,-1,1015,605,137,431,0.9997892,-1,-1,-1
188,-1,1635,641,69,170,0.9997395,-1,-1,-1
188,-1,106,654,129,312,0.9979145,-1,-1,-1
188,-1,1597,669,39,84,0.9972067,-1,-1,-1
188,-1,1790,643,55,165,0.9959356,-1,-1,-1
189,-1,1016,612,173,428,0.9998454,-1,-1,-1
189,-1,1635,639,70,171,0.9997531,-1,-1,-1
189,-1,93,655,137,321,0.9980870,-1,-1,-1
189,-1,1595,669,41,84,0.9961138,-1,-1,-1
189,-1,1790,639,59,171,0.9954946,-1,-1,-1
190,-1,1018,616,193,424,0.9998186,-1,-1,-1
190,-1,1635,638,71,173,0.9997440,-1,-1,-1
190,-1,73,651,150,318,0.9989347,-1,-1,-1
190,-1,1593,666,41,88,0.9963076,-1,-1,-1
190,-1,1789,636,62,172,0.9956282,-1,-1,-1
191,-1,1025,626,204,409,0.9998025,-1,-1,-1
191,-1,1634,638,76,174,0.9997175,-1,-1,-1
191,-1,61,652,154,316,0.9987884,-1,-1,-1
191,-1,1593,666,40,87,0.9972727,-1,-1,-1
191,-1,1793,632,60,173,0.9967719,-1,-1,-1
192,-1,1026,615,221,421,0.9997147,-1,-1,-1
192,-1,1639,636,71,175,0.9995666,-1,-1,-1
192,-1,58,654,151,314,0.9991936,-1,-1,-1
192,-1,1796,632,60,173,0.9982844,-1,-1,-1
192,-1,1591,664,38,89,0.9965269,-1,-1,-1
193,-1,1029,615,222,425,0.9998378,-1,-1,-1
193,-1,1644,634,66,176,0.9993666,-1,-1,-1
193,-1,43,654,162,311,0.9981900,-1,-1,-1
193,-1,1800,634,60,168,0.9977482,-1,-1,-1
193,-1,1589,665,35,86,0.9970490,-1,-1,-1
194,-1,1022,619,229,417,0.9996982,-1,-1,-1
194,-1,1649,634,61,176,0.9990308,-1,-1,-1
194,-1,38,653,165,310,0.9984150,-1,-1,-1
194,-1,1803,630,60,176,0.9966915,-1,-1,-1
194,-1,1587,665,33,88,0.9943942,-1,-1,-1
195,-1,1036,623,220,415,0.9998038,-1,-1,-1
195,-1,32,657,171,307,0.9983025,-1,-1,-1
195,-1,1804,629,61,176,0.9982675,-1,-1,-1
195,-1,1654,631,56,179,0.9981013,-1,-1,-1
195,-1,1585,665,35,86,0.9935089,-1,-1,-1
195,-1,1268,675,23,58,0.8122483,-1,-1,-1
196,-1,1040,627,231,414,0.9997702,-1,-1,-1
196,-1,29,654,170,313,0.9985188,-1,-1,-1
196,-1,1654,631,59,179,0.9981962,-1,-1,-1
196,-1,1802,633,66,165,0.9971665,-1,-1,-1
196,-1,1583,666,36,84,0.9956477,-1,-1,-1
196,-1,1269,678,26,52,0.7725926,-1,-1,-1
196,-1,1616,692,28,52,0.7635301,-1,-1,-1
197,-1,1043,617,222,420,0.9997054,-1,-1,-1
197,-1,25,653,171,316,0.9983972,-1,-1,-1
197,-1,1655,629,59,181,0.9977527,-1,-1,-1
197,-1,1581,663,39,87,0.9976863,-1,-1,-1
197,-1,1805,631,67,174,0.9960186,-1,-1,-1
197,-1,1270,681,26,53,0.8130333,-1,-1,-1
197,-1,1617,692,28,51,0.7712814,-1,-1,-1
198,-1,1056,622,208,417,0.9997702,-1,-1,-1
198,-1,18,651,171,317,0.9988970,-1,-1,-1
198,-1,1656,628,61,182,0.9980458,-1,-1,-1
198,-1,1806,633,71,176,0.9971594,-1,-1,-1
198,-1,1581,665,39,85,0.9969212,-1,-1,-1
198,-1,1618,692,27,49,0.9051309,-1,-1,-1
198,-1,1266,676,25,56,0.7891091,-1,-1,-1
199,-1,1080,623,186,403,0.9997912,-1,-1,-1
199,-1,14,647,168,319,0.9988666,-1,-1,-1
199,-1,1659,629,60,182,0.9984829,-1,-1,-1
199,-1,1579,664,41,88,0.9980507,-1,-1,-1
199,-1,1813,636,68,174,0.9978610,-1,-1,-1
199,-1,1618,692,27,48,0.8843518,-1,-1,-1
199,-1,1271,685,25,48,0.7526475,-1,-1,-1
200,-1,1091,613,171,427,0.9997221,-1,-1,-1
200,-1,1664,627,60,183,0.9985834,-1,-1,-1
200,-1,13,646,156,320,0.9984121,-1,-1,-1
200,-1,1814,635,71,177,0.9979777,-1,-1,-1
200,-1,1578,665,41,87,0.9962844,-1,-1,-1
200,-1,1618,692,26,49,0.8835227,-1,-1,-1
200,-1,1271,685,25,48,0.7377683,-1,-1,-1
201,-1,1115,613,150,430,0.9997594,-1,-1,-1
201,-1,1662,627,64,185,0.9992670,-1,-1,-1
201,-1,12,650,143,310,0.9981388,-1,-1,-1
201,-1,1813,636,71,176,0.9969700,-1,-1,-1
201,-1,1578,664,37,88,0.9967095,-1,-1,-1
201,-1,1617,692,27,50,0.9019907,-1,-1,-1
202,-1,1131,611,135,427,0.9997230,-1,-1,-1
202,-1,1664,627,65,184,0.9992150,-1,-1,-1
202,-1,12,641,137,322,0.9984158,-1,-1,-1
202,-1,1575,665,38,86,0.9979252,-1,-1,-1
202,-1,1816,634,70,178,0.9954221,-1,-1,-1
202,-1,1618,693,26,48,0.9003307,-1,-1,-1
202,-1,1269,681,28,53,0.7021744,-1,-1,-1
203,-1,1154,609,120,435,0.9997745,-1,-1,-1
203,-1,1664,627,66,185,0.9990304,-1,-1,-1
203,-1,1819,633,73,180,0.9982886,-1,-1,-1
203,-1,11,646,136,317,0.9980719,-1,-1,-1
203,-1,1573,665,38,85,0.9977415,-1,-1,-1
203,-1,1619,692,25,49,0.8868567,-1,-1,-1
204,-1,1173,607,114,443,0.9997309,-1,-1,-1
204,-1,1825,632,70,183,0.9987570,-1,-1,-1
204,-1,1666,628,70,185,0.9981255,-1,-1,-1
204,-1,13,657,130,308,0.9968148,-1,-1,-1
204,-1,1572,662,37,87,0.9946812,-1,-1,-1
205,-1,1184,603,114,451,0.9997486,-1,-1,-1
205,-1,1825,631,70,181,0.9980785,-1,-1,-1
205,-1,12,648,121,319,0.9980184,-1,-1,-1
205,-1,1667,628,73,183,0.9975644,-1,-1,-1
205,-1,1569,660,34,88,0.9972422,-1,-1,-1
206,-1,1190,606,124,443,0.9996414,-1,-1,-1
206,-1,1669,635,75,176,0.9987152,-1,-1,-1
206,-1,1568,660,33,89,0.9982991,-1,-1,-1
206,-1,8,649,121,316,0.9982944,-1,-1,-1
206,-1,1828,630,69,185,0.9979383,-1,-1,-1
207,-1,1194,601,146,447,0.9996997,-1,-1,-1
207,-1,3,654,123,315,0.9985386,-1,-1,-1
207,-1,1669,629,80,183,0.9982195,-1,-1,-1
207,-1,1828,628,69,190,0.9977971,-1,-1,-1
207,-1,1566,661,32,87,0.9975788,-1,-1,-1
208,-1,1195,606,174,446,0.9997683,-1,-1,-1
208,-1,1831,626,67,187,0.9980404,-1,-1,-1
208,-1,0,658,119,304,0.9975718,-1,-1,-1
208,-1,1563,662,31,85,0.9974100,-1,-1,-1
208,-1,1668,629,80,185,0.9971638,-1,-1,-1
209,-1,1194,607,199,441,0.9997419,-1,-1,-1
209,-1,1836,626,64,187,0.9980212,-1,-1,-1
209,-1,1558,661,35,86,0.9979094,-1,-1,-1
209,-1,1,660,113,304,0.9971051,-1,-1,-1
209,-1,1670,639,72,175,0.9956996,-1,-1,-1
210,-1,1198,610,209,438,0.9998257,-1,-1,-1
210,-1,1554,661,40,87,0.9985759,-1,-1,-1
210,-1,0,651,107,307,0.9983848,-1,-1,-1
210,-1,1843,628,59,186,0.9983772,-1,-1,-1
210,-1,1673,637,69,183,0.9965964,-1,-1,-1
211,-1,1198,608,212,436,0.9998412,-1,-1,-1
211,-1,0,651,106,307,0.9988956,-1,-1,-1
211,-1,1844,628,59,187,0.9978915,-1,-1,-1
211,-1,1552,663,41,84,0.9975792,-1,-1,-1
211,-1,1675,636,67,176,0.9970990,-1,-1,-1
212,-1,1208,618,215,427,0.9997881,-1,-1,-1
212,-1,1676,634,66,179,0.9981630,-1,-1,-1
212,-1,1847,629,59,184,0.9977869,-1,-1,-1
212,-1,0,664,107,295,0.9976999,-1,-1,-1
212,-1,1552,663,40,84,0.9972028,-1,-1,-1
213,-1,1201,617,234,429,0.9997105,-1,-1,-1
213,-1,1678,633,66,182,0.9985417,-1,-1,-1
213,-1,1850,630,58,184,0.9983177,-1,-1,-1
213,-1,1550,664,42,83,0.9979758,-1,-1,-1
213,-1,0,654,102,306,0.9974760,-1,-1,-1
214,-1,1210,621,217,417,0.9996741,-1,-1,-1
214,-1,1851,632,58,181,0.9984131,-1,-1,-1
214,-1,1680,632,65,183,0.9981853,-1,-1,-1
214,-1,0,648,92,308,0.9980333,-1,-1,-1
214,-1,1550,664,40,84,0.9976023,-1,-1,-1
215,-1,1225,607,219,442,0.9996873,-1,-1,-1
215,-1,1853,632,59,184,0.9981171,-1,-1,-1
215,-1,1683,632,64,182,0.9981031,-1,-1,-1
215,-1,1549,663,40,84,0.9973008,-1,-1,-1
215,-1,0,657,62,259,0.9829433,-1,-1,-1
216,-1,1242,608,208,444,0.9998007,-1,-1,-1
216,-1,1684,632,67,184,0.9980926,-1,-1,-1
216,-1,1854,632,60,183,0.9977938,-1,-1,-1
216,-1,1549,660,37,88,0.9973673,-1,-1,-1
216,-1,0,664,62,268,0.9870050,-1,-1,-1
217,-1,1261,602,181,449,0.9997609,-1,-1,-1
217,-1,1687,628,67,186,0.9982991,-1,-1,-1
217,-1,1855,632,62,183,0.9980269,-1,-1,-1
217,-1,1548,663,34,84,0.9978076,-1,-1,-1
217,-1,2,670,50,274,0.9874687,-1,-1,-1
218,-1,1261,602,181,449,0.9997609,-1,-1,-1
218,-1,1687,628,67,186,0.9982991,-1,-1,-1
218,-1,1855,632,62,183,0.9980269,-1,-1,-1
218,-1,1548,663,34,84,0.9978076,-1,-1,-1
218,-1,2,670,50,274,0.9874687,-1,-1,-1
219,-1,1281,602,161,449,0.9997848,-1,-1,-1
219,-1,1690,627,67,188,0.9982871,-1,-1,-1
219,-1,1547,661,33,86,0.9979583,-1,-1,-1
219,-1,1860,633,57,183,0.9977531,-1,-1,-1
219,-1,3,666,43,285,0.9855528,-1,-1,-1
219,-1,1270,685,25,51,0.7543230,-1,-1,-1
220,-1,1325,596,126,460,0.9997103,-1,-1,-1
220,-1,1698,626,61,189,0.9981006,-1,-1,-1
220,-1,1544,659,30,89,0.9975691,-1,-1,-1
220,-1,1863,631,56,186,0.9970647,-1,-1,-1
220,-1,1272,686,24,49,0.8506263,-1,-1,-1
221,-1,1339,593,119,468,0.9997268,-1,-1,-1
221,-1,1699,625,63,189,0.9980857,-1,-1,-1
221,-1,1541,658,31,90,0.9963614,-1,-1,-1
221,-1,1864,629,56,189,0.9960866,-1,-1,-1
221,-1,1273,688,23,46,0.8772746,-1,-1,-1
222,-1,1352,595,121,466,0.9997392,-1,-1,-1
222,-1,1701,627,62,185,0.9977024,-1,-1,-1
222,-1,1540,658,32,90,0.9972975,-1,-1,-1
222,-1,1868,627,52,189,0.9956714,-1,-1,-1
222,-1,1275,689,22,46,0.8165255,-1,-1,-1
223,-1,1359,597,129,458,0.9997613,-1,-1,-1
223,-1,1701,628,65,186,0.9984356,-1,-1,-1
223,-1,1539,661,33,88,0.9974349,-1,-1,-1
223,-1,1872,627,48,188,0.9955269,-1,-1,-1
223,-1,1275,691,22,44,0.8304068,-1,-1,-1
224,-1,1365,594,140,459,0.9997943,-1,-1,-1
224,-1,1536,661,35,87,0.9982209,-1,-1,-1
224,-1,1704,629,64,186,0.9979226,-1,-1,-1
224,-1,1874,625,46,191,0.9954821,-1,-1,-1
224,-1,1274,693,23,40,0.8002065,-1,-1,-1
225,-1,1365,596,178,462,0.9998255,-1,-1,-1
225,-1,1534,662,37,87,0.9983280,-1,-1,-1
225,-1,1706,631,65,187,0.9976914,-1,-1,-1
225,-1,1876,625,44,191,0.9954497,-1,-1,-1
225,-1,1276,690,20,45,0.7466503,-1,-1,-1
226,-1,1367,596,199,459,0.9997889,-1,-1,-1
226,-1,1710,631,62,188,0.9985799,-1,-1,-1
226,-1,1533,662,38,86,0.9979826,-1,-1,-1
226,-1,1876,625,44,193,0.9944351,-1,-1,-1
226,-1,1275,691,23,43,0.7634104,-1,-1,-1
227,-1,1372,603,206,451,0.9997384,-1,-1,-1
227,-1,1531,662,40,87,0.9983254,-1,-1,-1
227,-1,1712,631,61,188,0.9983113,-1,-1,-1
227,-1,1879,625,41,194,0.9893818,-1,-1,-1
228,-1,1371,601,222,453,0.9996747,-1,-1,-1
228,-1,1714,633,62,187,0.9985875,-1,-1,-1
228,-1,1529,663,41,87,0.9982709,-1,-1,-1
228,-1,1881,622,38,197,0.9878104,-1,-1,-1
228,-1,1277,691,22,43,0.7154005,-1,-1,-1
229,-1,1371,604,232,451,0.9997465,-1,-1,-1
229,-1,1714,632,65,189,0.9987656,-1,-1,-1
229,-1,1530,664,37,87,0.9983065,-1,-1,-1
229,-1,1885,625,35,192,0.9784811,-1,-1,-1
230,-1,1376,605,233,455,0.9998075,-1,-1,-1
230,-1,1714,632,70,188,0.9982921,-1,-1,-1
230,-1,1530,663,35,87,0.9974503,-1,-1,-1
230,-1,1888,629,32,188,0.9633613,-1,-1,-1
231,-1,1378,605,244,457,0.9998096,-1,-1,-1
231,-1,1719,631,66,192,0.9982309,-1,-1,-1
231,-1,1533,664,28,84,0.9905471,-1,-1,-1
231,-1,1893,633,26,183,0.9428118,-1,-1,-1
231,-1,1277,690,22,44,0.7484691,-1,-1,-1
232,-1,1382,607,246,456,0.9997630,-1,-1,-1
232,-1,1720,630,65,192,0.9984480,-1,-1,-1
232,-1,1895,630,25,186,0.9155546,-1,-1,-1
232,-1,1531,671,26,75,0.7847106,-1,-1,-1
232,-1,1276,689,23,44,0.7124870,-1,-1,-1
233,-1,1388,602,235,461,0.9996611,-1,-1,-1
233,-1,1721,630,66,192,0.9963498,-1,-1,-1
233,-1,1897,626,22,188,0.8817990,-1,-1,-1
233,-1,1275,691,24,43,0.7255276,-1,-1,-1
234,-1,1392,601,235,459,0.9996938,-1,-1,-1
234,-1,1721,628,66,192,0.9959126,-1,-1,-1
234,-1,1898,626,21,190,0.8646865,-1,-1,-1
234,-1,1276,690,22,44,0.7602840,-1,-1,-1
235,-1,1416,601,204,464,0.9997415,-1,-1,-1
235,-1,1729,629,64,192,0.9963180,-1,-1,-1
235,-1,1902,626,18,184,0.7932445,-1,-1,-1
235,-1,1277,691,22,42,0.7634775,-1,-1,-1
236,-1,1433,598,183,461,0.9997880,-1,-1,-1
236,-1,1736,631,62,192,0.9975610,-1,-1,-1
236,-1,1276,689,22,44,0.7474801,-1,-1,-1
236,-1,1900,630,20,189,0.7138339,-1,-1,-1
237,-1,1454,600,159,459,0.9997720,-1,-1,-1
237,-1,1736,630,66,192,0.9971684,-1,-1,-1
237,-1,1277,690,21,43,0.8080712,-1,-1,-1
238,-1,1475,603,146,457,0.9997110,-1,-1,-1
238,-1,1734,629,72,193,0.9975287,-1,-1,-1
239,-1,1500,600,126,462,0.9997455,-1,-1,-1
239,-1,1736,629,79,195,0.9979364,-1,-1,-1
239,-1,1278,689,21,44,0.8353856,-1,-1,-1
240,-1,1514,601,121,464,0.9997645,-1,-1,-1
240,-1,1739,633,84,193,0.9986618,-1,-1,-1
240,-1,1277,690,22,43,0.8447477,-1,-1,-1
241,-1,1520,598,130,472,0.9997842,-1,-1,-1
241,-1,1741,629,91,197,0.9975342,-1,-1,-1
241,-1,1274,688,24,47,0.9027020,-1,-1,-1
242,-1,1526,605,136,459,0.9996948,-1,-1,-1
242,-1,1743,636,91,194,0.9986166,-1,-1,-1
242,-1,1513,661,27,88,0.9759636,-1,-1,-1
242,-1,1275,688,23,48,0.8997389,-1,-1,-1
243,-1,1534,607,148,459,0.9997283,-1,-1,-1
243,-1,1744,631,93,199,0.9990230,-1,-1,-1
243,-1,1512,664,30,84,0.9937458,-1,-1,-1
243,-1,1277,689,23,47,0.8906981,-1,-1,-1
244,-1,1544,605,176,464,0.9996209,-1,-1,-1
244,-1,1744,630,94,200,0.9988855,-1,-1,-1
244,-1,1512,663,30,83,0.9928006,-1,-1,-1
244,-1,1277,690,23,44,0.9024796,-1,-1,-1
245,-1,1546,605,200,464,0.9997036,-1,-1,-1
245,-1,1746,631,93,200,0.9990579,-1,-1,-1
245,-1,1509,663,34,84,0.9968742,-1,-1,-1
245,-1,1278,689,22,46,0.8834293,-1,-1,-1
246,-1,1550,606,220,459,0.9995306,-1,-1,-1
246,-1,1747,634,92,196,0.9991854,-1,-1,-1
246,-1,1508,664,31,84,0.9968355,-1,-1,-1
246,-1,1281,690,18,46,0.8905173,-1,-1,-1
247,-1,1552,607,228,454,0.9995455,-1,-1,-1
247,-1,1750,634,89,195,0.9992955,-1,-1,-1
247,-1,1507,662,29,85,0.9975262,-1,-1,-1
247,-1,1278,690,22,43,0.8798624,-1,-1,-1
248,-1,1556,611,240,451,0.9996365,-1,-1,-1
248,-1,1757,634,83,195,0.9991874,-1,-1,-1
248,-1,1504,664,29,82,0.9965952,-1,-1,-1
248,-1,1278,690,21,43,0.8947406,-1,-1,-1
249,-1,1556,615,244,458,0.9996880,-1,-1,-1
249,-1,1761,632,83,195,0.9988467,-1,-1,-1
249,-1,1503,664,30,83,0.9981700,-1,-1,-1
249,-1,1278,690,23,44,0.9094418,-1,-1,-1
250,-1,1556,616,245,455,0.9997031,-1,-1,-1
250,-1,1767,631,78,197,0.9984188,-1,-1,-1
250,-1,1501,666,32,81,0.9983478,-1,-1,-1
250,-1,1277,690,23,43,0.8830525,-1,-1,-1
251,-1,1554,620,260,444,0.9995586,-1,-1,-1
251,-1,1499,666,34,82,0.9987471,-1,-1,-1
251,-1,1774,629,75,201,0.9982803,-1,-1,-1
251,-1,1280,690,18,46,0.8735393,-1,-1,-1
252,-1,1560,613,251,452,0.9995882,-1,-1,-1
252,-1,1783,629,68,202,0.9986449,-1,-1,-1
252,-1,1498,665,35,82,0.9986123,-1,-1,-1
252,-1,1280,690,18,46,0.8927402,-1,-1,-1
253,-1,1563,609,239,457,0.9997078,-1,-1,-1
253,-1,1497,667,35,80,0.9989255,-1,-1,-1
253,-1,1790,625,66,208,0.9981915,-1,-1,-1
253,-1,1279,690,22,45,0.8231351,-1,-1,-1
254,-1,1580,615,226,454,0.9995558,-1,-1,-1
254,-1,1495,667,36,80,0.9987378,-1,-1,-1
254,-1,1788,623,74,211,0.9986776,-1,-1,-1
254,-1,1274,688,25,47,0.7859921,-1,-1,-1
255,-1,1593,608,214,457,0.9993819,-1,-1,-1
255,-1,1783,622,81,215,0.9988868,-1,-1,-1
255,-1,1494,664,36,83,0.9988777,-1,-1,-1
255,-1,1273,686,26,48,0.7622290,-1,-1,-1
256,-1,1611,605,186,464,0.9995193,-1,-1,-1
256,-1,1786,623,80,213,0.9994829,-1,-1,-1
256,-1,1493,664,35,82,0.9987496,-1,-1,-1
256,-1,1270,683,30,50,0.7915192,-1,-1,-1
257,-1,1790,624,79,212,0.9994650,-1,-1,-1
257,-1,1635,598,163,465,0.9991668,-1,-1,-1
257,-1,1493,663,34,83,0.9983566,-1,-1,-1
257,-1,1269,683,30,49,0.7739592,-1,-1,-1
258,-1,1794,626,81,210,0.9995008,-1,-1,-1
258,-1,1649,596,152,469,0.9992083,-1,-1,-1
258,-1,1493,661,32,84,0.9980920,-1,-1,-1
258,-1,1275,688,25,46,0.7075988,-1,-1,-1
259,-1,1790,629,89,210,0.9994442,-1,-1,-1
259,-1,1664,594,142,472,0.9992713,-1,-1,-1
259,-1,1491,661,30,84,0.9983382,-1,-1,-1
259,-1,1275,687,24,48,0.7776340,-1,-1,-1
260,-1,1669,600,136,458,0.9995017,-1,-1,-1
260,-1,1791,629,98,212,0.9989793,-1,-1,-1
260,-1,1490,662,29,82,0.9980986,-1,-1,-1
260,-1,1276,689,23,46,0.7913697,-1,-1,-1
261,-1,1682,595,128,471,0.9993024,-1,-1,-1
261,-1,1489,661,29,83,0.9981081,-1,-1,-1
261,-1,1796,633,89,205,0.9972060,-1,-1,-1
261,-1,1277,687,23,48,0.8609419,-1,-1,-1
262,-1,1689,608,133,461,0.9994777,-1,-1,-1
262,-1,1803,633,85,206,0.9985952,-1,-1,-1
262,-1,1488,660,28,83,0.9979698,-1,-1,-1
262,-1,1275,689,24,44,0.8428249,-1,-1,-1
263,-1,1698,604,141,466,0.9992542,-1,-1,-1
263,-1,1807,634,86,206,0.9989502,-1,-1,-1
263,-1,1487,660,28,83,0.9971150,-1,-1,-1
263,-1,1278,688,22,48,0.8524228,-1,-1,-1
264,-1,1703,599,163,473,0.9994036,-1,-1,-1
264,-1,1808,632,91,211,0.9983622,-1,-1,-1
264,-1,1485,661,29,84,0.9968818,-1,-1,-1
264,-1,1278,688,22,48,0.8700094,-1,-1,-1
265,-1,1708,602,183,471,0.9995670,-1,-1,-1
265,-1,1811,630,90,213,0.9987836,-1,-1,-1
265,-1,1483,661,31,83,0.9974428,-1,-1,-1
265,-1,1278,688,22,47,0.8345438,-1,-1,-1
266,-1,1715,604,184,466,0.9994282,-1,-1,-1
266,-1,1819,626,83,217,0.9988484,-1,-1,-1
266,-1,1481,662,32,82,0.9981919,-1,-1,-1
266,-1,1276,688,23,47,0.8071716,-1,-1,-1
267,-1,1721,603,178,466,0.9994259,-1,-1,-1
267,-1,1830,626,75,216,0.9985530,-1,-1,-1
267,-1,1479,664,34,80,0.9982336,-1,-1,-1
267,-1,1278,689,22,46,0.8108889,-1,-1,-1
268,-1,1722,601,185,468,0.9995496,-1,-1,-1
268,-1,1837,623,73,222,0.9982806,-1,-1,-1
268,-1,1477,665,35,80,0.9980952,-1,-1,-1
269,-1,1726,601,184,470,0.9997074,-1,-1,-1
269,-1,1477,665,33,80,0.9969296,-1,-1,-1
269,-1,1838,621,75,222,0.9964149,-1,-1,-1
269,-1,1275,689,25,45,0.7155600,-1,-1,-1
270,-1,1730,605,179,465,0.9996718,-1,-1,-1
270,-1,1842,621,76,221,0.9972465,-1,-1,-1
270,-1,1476,664,32,81,0.9968169,-1,-1,-1
270,-1,1276,691,24,44,0.7246783,-1,-1,-1
271,-1,1732,610,174,459,0.9994488,-1,-1,-1
271,-1,1475,664,31,80,0.9976451,-1,-1,-1
271,-1,1844,620,76,222,0.9970353,-1,-1,-1
271,-1,1276,689,24,46,0.7500386,-1,-1,-1
272,-1,1731,608,175,459,0.9992421,-1,-1,-1
272,-1,1475,666,28,78,0.9981110,-1,-1,-1
272,-1,1856,618,62,225,0.9900824,-1,-1,-1
272,-1,1276,689,23,45,0.8544409,-1,-1,-1
273,-1,1731,611,181,452,0.9995173,-1,-1,-1
273,-1,1472,663,29,81,0.9985334,-1,-1,-1
273,-1,1853,619,65,229,0.9924226,-1,-1,-1
273,-1,1276,688,22,46,0.8788231,-1,-1,-1
274,-1,1729,601,182,463,0.9994966,-1,-1,-1
274,-1,1470,663,28,81,0.9981888,-1,-1,-1
274,-1,1855,618,64,229,0.9801507,-1,-1,-1
274,-1,1275,688,23,46,0.8587406,-1,-1,-1
275,-1,1732,600,176,466,0.9992017,-1,-1,-1
275,-1,1468,661,28,83,0.9966452,-1,-1,-1
275,-1,1277,687,23,47,0.8428594,-1,-1,-1
276,-1,1742,603,161,456,0.9997010,-1,-1,-1
276,-1,1466,660,28,84,0.9966875,-1,-1,-1
276,-1,1276,687,24,47,0.8393459,-1,-1,-1
276,-1,1858,616,61,213,0.7817540,-1,-1,-1
277,-1,1745,595,162,470,0.9995407,-1,-1,-1
277,-1,1465,659,29,83,0.9932747,-1,-1,-1
277,-1,1276,687,23,47,0.8915091,-1,-1,-1
277,-1,1864,597,56,417,0.8568900,-1,-1,-1
278,-1,1752,595,160,469,0.9993964,-1,-1,-1
278,-1,1464,661,28,82,0.9964592,-1,-1,-1
278,-1,1277,688,23,45,0.8783314,-1,-1,-1
279,-1,1762,600,149,468,0.9992012,-1,-1,-1
279,-1,1464,660,28,81,0.9966329,-1,-1,-1
279,-1,1277,688,20,45,0.9005819,-1,-1,-1
279,-1,1872,624,48,210,0.8168254,-1,-1,-1
280,-1,1772,596,143,473,0.9992158,-1,-1,-1
280,-1,1462,661,29,82,0.9974024,-1,-1,-1
280,-1,1278,688,19,45,0.9352192,-1,-1,-1
280,-1,1271,688,15,45,0.7177428,-1,-1,-1
281,-1,1789,594,129,474,0.9991195,-1,-1,-1
281,-1,1461,662,31,81,0.9978860,-1,-1,-1
281,-1,1275,687,22,47,0.9188858,-1,-1,-1
282,-1,1799,597,119,476,0.9993038,-1,-1,-1
282,-1,1459,664,32,79,0.9981243,-1,-1,-1
282,-1,1274,688,22,46,0.9322978,-1,-1,-1
283,-1,1802,596,118,469,0.9996685,-1,-1,-1
283,-1,1458,665,31,77,0.9979275,-1,-1,-1
283,-1,1276,688,21,46,0.9248466,-1,-1,-1
284,-1,1806,595,114,477,0.9994229,-1,-1,-1
284,-1,1458,664,29,78,0.9977852,-1,-1,-1
284,-1,1275,690,22,43,0.9110196,-1,-1,-1
285,-1,1810,601,110,465,0.9993502,-1,-1,-1
285,-1,1457,664,28,78,0.9978839,-1,-1,-1
285,-1,1276,688,22,46,0.9163681,-1,-1,-1
286,-1,1818,592,102,474,0.9992266,-1,-1,-1
286,-1,1455,662,28,77,0.9963587,-1,-1,-1
286,-1,1276,690,23,43,0.8305319,-1,-1,-1
287,-1,1822,591,98,476,0.9991542,-1,-1,-1
287,-1,1454,662,27,78,0.9976017,-1,-1,-1
287,-1,1277,689,22,45,0.8445242,-1,-1,-1
288,-1,1827,592,93,476,0.9989503,-1,-1,-1
288,-1,1453,663,27,77,0.9976059,-1,-1,-1
288,-1,1273,688,26,44,0.8000001,-1,-1,-1
289,-1,1831,593,89,476,0.9988349,-1,-1,-1
289,-1,1452,663,26,76,0.9969673,-1,-1,-1
289,-1,1273,686,26,46,0.8471072,-1,-1,-1
290,-1,1834,600,86,469,0.9987368,-1,-1,-1
290,-1,1452,663,25,77,0.9963917,-1,-1,-1
290,-1,1270,684,29,47,0.8382493,-1,-1,-1
291,-1,1836,600,84,467,0.9988488,-1,-1,-1
291,-1,1451,664,25,75,0.9957130,-1,-1,-1
291,-1,1275,687,23,45,0.8432140,-1,-1,-1
292,-1,1839,599,81,467,0.9986402,-1,-1,-1
292,-1,1451,666,23,71,0.9944063,-1,-1,-1
292,-1,1270,682,28,49,0.8790267,-1,-1,-1
292,-1,1444,666,15,69,0.7377276,-1,-1,-1
293,-1,1845,593,74,473,0.9981840,-1,-1,-1
293,-1,1449,665,25,73,0.9957829,-1,-1,-1
293,-1,1270,684,28,47,0.8944286,-1,-1,-1
294,-1,1848,597,71,469,0.9980214,-1,-1,-1
294,-1,1447,664,26,74,0.9960765,-1,-1,-1
294,-1,1273,685,25,45,0.8422208,-1,-1,-1
295,-1,1851,598,69,468,0.9976839,-1,-1,-1
295,-1,1446,665,26,73,0.9953585,-1,-1,-1
295,-1,1276,688,23,45,0.9121041,-1,-1,-1
295,-1,1271,685,14,48,0.7418446,-1,-1,-1
296,-1,1853,596,67,471,0.9976768,-1,-1,-1
296,-1,1446,665,25,73,0.9913242,-1,-1,-1
296,-1,1275,687,23,46,0.8783121,-1,-1,-1
297,-1,1855,595,65,471,0.9974807,-1,-1,-1
297,-1,1446,665,20,72,0.9862791,-1,-1,-1
297,-1,1274,686,24,47,0.9000120,-1,-1,-1
298,-1,1855,597,65,469,0.9967749,-1,-1,-1
298,-1,1444,664,24,72,0.9867420,-1,-1,-1
298,-1,1276,688,23,46,0.8924792,-1,-1,-1
299,-1,1856,589,64,477,0.9960684,-1,-1,-1
299,-1,1444,663,23,75,0.9894188,-1,-1,-1
299,-1,1278,689,22,45,0.8442813,-1,-1,-1
300,-1,1848,591,72,473,0.9948149,-1,-1,-1
300,-1,1442,663,22,74,0.9929518,-1,-1,-1
300,-1,1279,691,23,43,0.8518465,-1,-1,-1
301,-1,1439,661,24,78,0.9929387,-1,-1,-1
301,-1,1854,622,65,440,0.9855340,-1,-1,-1
301,-1,1275,687,24,46,0.8307537,-1,-1,-1
302,-1,1434,658,30,83,0.9827931,-1,-1,-1
302,-1,1855,625,64,437,0.9820854,-1,-1,-1
303,-1,1434,659,28,81,0.9847215,-1,-1,-1
303,-1,1870,590,50,462,0.9763716,-1,-1,-1
304,-1,1432,659,29,81,0.9742243,-1,-1,-1
304,-1,1869,575,51,483,0.9662964,-1,-1,-1
304,-1,1278,688,23,46,0.7553619,-1,-1,-1
305,-1,1432,660,27,79,0.9904919,-1,-1,-1
305,-1,1891,631,28,222,0.9108704,-1,-1,-1
306,-1,1431,660,27,78,0.9857931,-1,-1,-1
306,-1,1895,638,25,217,0.8328872,-1,-1,-1
306,-1,1278,685,20,48,0.7554684,-1,-1,-1
307,-1,1430,657,26,78,0.8841584,-1,-1,-1
307,-1,1280,682,21,48,0.7802950,-1,-1,-1
307,-1,1252,667,25,55,0.7415109,-1,-1,-1
307,-1,1897,631,22,221,0.7268441,-1,-1,-1
308,-1,1277,685,21,44,0.7969233,-1,-1,-1
309,-1,1274,682,28,49,0.7935954,-1,-1,-1
309,-1,1430,658,25,80,0.7425607,-1,-1,-1
310,-1,1275,683,28,48,0.8310897,-1,-1,-1
310,-1,1255,665,32,58,0.7448861,-1,-1,-1
310,-1,1429,660,25,63,0.7162963,-1,-1,-1
311,-1,1279,690,25,43,0.8881351,-1,-1,-1
311,-1,1255,665,27,54,0.8008266,-1,-1,-1
311,-1,1267,679,26,49,0.7255793,-1,-1,-1
312,-1,1278,685,26,47,0.8609051,-1,-1,-1
312,-1,1252,666,26,54,0.7878040,-1,-1,-1
313,-1,1280,685,25,49,0.9112063,-1,-1,-1
313,-1,1256,667,27,57,0.8134536,-1,-1,-1
313,-1,1270,679,21,50,0.7163643,-1,-1,-1
314,-1,1278,687,27,45,0.9224319,-1,-1,-1
314,-1,1254,665,28,55,0.7946872,-1,-1,-1
315,-1,1280,688,24,45,0.9224661,-1,-1,-1
315,-1,1261,670,21,48,0.7673589,-1,-1,-1
316,-1,1277,686,28,42,0.8596127,-1,-1,-1
316,-1,1256,665,31,53,0.7884482,-1,-1,-1
317,-1,1280,688,26,45,0.8129060,-1,-1,-1
318,-1,1277,686,30,43,0.8414087,-1,-1,-1
